1.047404717610523894e-01,1.295232937879982893e-01,2.495372658317476788e-02
2.228602563153664617e-01,2.543808308897742565e-01,5.203118606992260253e-02
2.230939054526067666e-01,2.551311769335732893e-01,5.203763263462288929e-02
2.233785398412828638e-01,2.562741752470105716e-01,5.206654855435972895e-02
2.234696695321815862e-01,2.570560300007948551e-01,5.211298664774606515e-02
2.232678011940671947e-01,2.569053352704243620e-01,5.213740527566743804e-02
2.176412649115183895e-01,2.497879139474346866e-01,5.164660633877986295e-02
2.163111700465436549e-01,2.485729289505373141e-01,5.139843419030223903e-02
2.161679894327923623e-01,2.484675777097912486e-01,5.135106852961863338e-02
2.160973377836861997e-01,2.483953110227077876e-01,5.130295217071596109e-02
2.155653943538202166e-01,2.477463454076406502e-01,5.106152569623695348e-02
2.132757724400522747e-01,2.447305172125778805e-01,5.068085682238920864e-02
2.133167547298551459e-01,2.444818364168395430e-01,5.028771085236029975e-02
2.131092622069023501e-01,2.444421972722214120e-01,4.973876268060034578e-02
2.127571830294631150e-01,2.436032359599026864e-01,4.838471652627070185e-02
1.838299372112691399e-01,2.164585671869568295e-01,4.411445600008431084e-02
1.241514487054743709e-01,1.238459545083875901e-01,3.004921551624913090e-02
6.309814398600356589e-02,2.940975505156051203e-02,3.572347381645986364e-02
6.326103740620235560e-02,2.932396355688873801e-02,3.538548626160999133e-02
6.358017911391020127e-02,2.916439544034862830e-02,3.494132125826686364e-02
6.359967138439830137e-02,2.915532566965600009e-02,3.491343274301154931e-02
6.361748954920738719e-02,2.915914501312108498e-02,3.488627877560224883e-02
6.364316406908662738e-02,2.917302278083098999e-02,3.479770703508776319e-02
6.365346008485515961e-02,2.919852363244888546e-02,3.466041505682260215e-02
6.361726509710065314e-02,2.923433999369343811e-02,3.463735907282908255e-02
6.359316999452764574e-02,2.921291182792598237e-02,3.462726472898173397e-02
6.362247740481551117e-02,2.921679660804901713e-02,3.446839381273953534e-02
6.363137954723910306e-02,2.923081259518819572e-02,3.440876889601487271e-02
6.364351239875402910e-02,2.923849473048310138e-02,3.433372054362152093e-02
6.363458429272696171e-02,2.923772598709556414e-02,3.432705897726334027e-02
6.364121478907554252e-02,2.922154928471021665e-02,3.432593757839573489e-02
6.364182701082496396e-02,2.924117384571977771e-02,3.431055927920686338e-02
6.365337438513027357e-02,2.923805857995465801e-02,3.428894308882254188e-02
6.366391237261402603e-02,2.923818314990733747e-02,3.428871404728830313e-02
6.366880001176677961e-02,2.924059425403484694e-02,3.428059901870731535e-02
6.367807038958196719e-02,2.922639694677830330e-02,3.427968448987653294e-02
6.369971672102357763e-02,2.919595530427243624e-02,3.429674738362912395e-02
6.370886802045525044e-02,2.916783072127205126e-02,3.434459628367683010e-02
6.368150827098931210e-02,2.919356404528385476e-02,3.441614113983163664e-02
6.368048824852705347e-02,2.921019825965907521e-02,3.443187123142837924e-02
6.368423651677272701e-02,2.921685778792245530e-02,3.444258436241199456e-02
6.367063885090135100e-02,2.919537832237570005e-02,3.448121535055533038e-02
6.368112122307152678e-02,2.918192104696794645e-02,3.448876688303415677e-02
6.367791427253852166e-02,2.918494354969274063e-02,3.448593254910383571e-02
6.367413227100489348e-02,2.917797953727151172e-02,3.449044546059799876e-02
6.365660245427580410e-02,2.917730785057321211e-02,3.449119037636890622e-02
6.365384147720282160e-02,2.919643409610266430e-02,3.445688552999899568e-02
6.364666648425593154e-02,2.921492803615932665e-02,3.443504322359097758e-02
6.364625221788292042e-02,2.925171208132611514e-02,3.442635348809896384e-02
6.364075876990242520e-02,2.924584608350927831e-02,3.441594377697573121e-02
6.363678333009017973e-02,2.925120706244505389e-02,3.438233774737414761e-02
6.367676782162579041e-02,2.920612019650372163e-02,3.435352109826301376e-02
6.369387377336789557e-02,2.918712335223751925e-02,3.434403086698532837e-02
6.370081630642120130e-02,2.918612852399693133e-02,3.429817987114164995e-02
8.007684510906881714e-02,5.512902102487490796e-02,3.145752252098917012e-02
6.371472569102359929e-02,2.913912772594227582e-02,3.428388183615527912e-02
6.374898536342415989e-02,2.909329369010869859e-02,3.433670131873972631e-02
6.377464248003826552e-02,2.907767557805541678e-02,3.433900687163144588e-02
6.380563744290708439e-02,2.903688420483175811e-02,3.435148038341961918e-02
6.380315477956494119e-02,2.901961506967886198e-02,3.437574219758010585e-02
6.383568945640163972e-02,2.896897690642557741e-02,3.442082508566080001e-02
6.382068962764547715e-02,2.893439261246947419e-02,3.452930165115147831e-02
6.418791881377955422e-02,2.869508395114111696e-02,3.209078200661609481e-02
6.422116122418672357e-02,2.863810901579759774e-02,3.209268720359896576e-02
6.422060253417409548e-02,2.862910949205249578e-02,3.212569716304139456e-02
6.430288720451196594e-02,2.846478411809762535e-02,3.222744461732351962e-02
7.072702095247025700e-02,2.504669892046120644e-02,3.659872465774832023e-02
7.111218908945687867e-02,2.457461764500275606e-02,3.680108368194864171e-02
7.127959359042879139e-02,2.442327543939379342e-02,3.684997976579561241e-02
7.140927359490920057e-02,2.426626157100707920e-02,3.686811159694930451e-02
6.997504129961638897e-02,2.572274154023907605e-02,3.652643798807635872e-02
6.975581066758455850e-02,2.564700539592949802e-02,3.713660775625118871e-02
1.894962317016122555e-01,2.110688791486073079e-01,4.648406046513938600e-02
1.819579113385924873e-01,1.994839469356820549e-01,4.724241355203583070e-02
1.649688109723018714e-01,1.900013553139190126e-01,4.706929964326077298e-02
1.613868791568729977e-01,1.841183205393163991e-01,4.853662838615456498e-02
1.536015359527010959e-01,1.749988044909769336e-01,5.007411272755307036e-02
1.456583156882650110e-01,1.640821404302886533e-01,5.171195115790724883e-02
1.374360939827367345e-01,1.550253602209027970e-01,5.294017535373057165e-02
1.300028081095923049e-01,1.466775573310784009e-01,5.341140095848911223e-02
1.233437885202821188e-01,1.383774120595979706e-01,5.336412061641170046e-02
1.184322469458911342e-01,1.337901856365927011e-01,5.372069306669236682e-02
1.149465485404903564e-01,1.306928513519189650e-01,5.411305935435394010e-02
1.127574433763685879e-01,1.289103633684655636e-01,5.438539179043407057e-02
1.117190483103376597e-01,1.282130168769640977e-01,5.440739937411954302e-02
1.112427774364599664e-01,1.283732425563706425e-01,5.446117482526018072e-02
1.111441528028609405e-01,1.285971871600713468e-01,5.447121977606478316e-02
1.107347853715628383e-01,1.286507232397372247e-01,5.446934998896148933e-02
1.097130694429613446e-01,1.281542385735076617e-01,5.449686425200578332e-02
1.088124666511065125e-01,1.288072785693718247e-01,5.449926230074934874e-02
1.085464436862556142e-01,1.299612766172571487e-01,5.472435395445091749e-02
1.085271839317757947e-01,1.302017232741827235e-01,5.479644747337930610e-02
1.084986296413202878e-01,1.301895043943598340e-01,5.486862079452195506e-02
1.084894766091316493e-01,1.302036239278306362e-01,5.486787481828699770e-02
1.085636854533159612e-01,1.302734549008378317e-01,5.490311887931419860e-02
1.086127629500078795e-01,1.302814358859527566e-01,5.497143690055557308e-02
1.087568594268911587e-01,1.304116472466079202e-01,5.501533252733591117e-02
1.087939426607554133e-01,1.303739674858303832e-01,5.505213374210300714e-02
1.089519574173558186e-01,1.303882843895244337e-01,5.509937641129724478e-02
1.089637052327734612e-01,1.303862189914412328e-01,5.511427639886538887e-02
1.089432391468321132e-01,1.303288329564780412e-01,5.516809238965355439e-02
1.089530852098258701e-01,1.303100510882668206e-01,5.518049385833756482e-02
1.089841208341671419e-01,1.302548871206105074e-01,5.522126018912396073e-02
1.089718170617390014e-01,1.301143269504667077e-01,5.521563722490911014e-02
1.089906032997623869e-01,1.301024317021500787e-01,5.522006142200116402e-02
1.090106563278263191e-01,1.300580207957492684e-01,5.523571996596376987e-02
1.090253263700061148e-01,1.300544106927328802e-01,5.524765374004118185e-02
1.090117452641352208e-01,1.300366570585636539e-01,5.528105447765287173e-02
1.090182556791872287e-01,1.299878067594391340e-01,5.532558436999741175e-02
1.090485365093746689e-01,1.299876342718199740e-01,5.534817071867725868e-02
1.090471173114961057e-01,1.299664331670818962e-01,5.535562604791921526e-02
1.090474153025070558e-01,1.299619919231989329e-01,5.535882097198385754e-02
1.090676670621366501e-01,1.299159807344381912e-01,5.533961605218656182e-02
1.091110270821423617e-01,1.298764767442789347e-01,5.534659072268378888e-02
1.091112818353081465e-01,1.298369461096159083e-01,5.536125206543440064e-02
1.091259571177360665e-01,1.298250305122315984e-01,5.537247447818612750e-02
1.091971782876265673e-01,1.297459647621401202e-01,5.534222928582001322e-02
1.092063640046916362e-01,1.297399035051514382e-01,5.535551778297738423e-02
1.092024901207886423e-01,1.297111496102551775e-01,5.537620037117632621e-02
1.091899752712365002e-01,1.296836272490654585e-01,5.538196805954906377e-02
1.091775786350656918e-01,1.296699516317872669e-01,5.539129591109307610e-02
1.092081463083905551e-01,1.295873064909178474e-01,5.540828861608502326e-02
1.091795243240712976e-01,1.295031608602604523e-01,5.538914792702154255e-02
1.091400537178425501e-01,1.294353064733677339e-01,5.513534348290537873e-02
1.091159417328085163e-01,1.293317609873704532e-01,5.497909825388481303e-02
1.090946363919693685e-01,1.291698045025353181e-01,5.484725596513779361e-02
1.090961495028170830e-01,1.291067947745023758e-01,5.482361106328560024e-02
1.091220462139613767e-01,1.290088312557048922e-01,5.479678221751834583e-02
1.091310748732096242e-01,1.287378563887949523e-01,5.480247767817581633e-02
1.099669628703681401e-01,1.283572140964628627e-01,5.463696548753140675e-02
1.114617338236319893e-01,1.275031800915034930e-01,5.456394762027198808e-02
1.126351638527255949e-01,1.239359074423048157e-01,5.420223850927486514e-02
1.142406403852966740e-01,1.211949928187750491e-01,5.357320471415250723e-02
1.145170947705554110e-01,1.146464102561696036e-01,5.256227692269892920e-02
1.132752808832567931e-01,1.056355204922006796e-01,5.178100280573897513e-02
1.119195674725368128e-01,9.592962934947743547e-02,5.132255912820939125e-02
1.093658801503031158e-01,8.686590891662050729e-02,5.109561042027103289e-02
1.068860050415910562e-01,7.787248524507608960e-02,5.117535438255653435e-02
1.047618365624266856e-01,7.087090777993615420e-02,5.141859546752330229e-02
1.014666869719123982e-01,6.505939869777424556e-02,5.209094523616140948e-02
1.004469164869221526e-01,6.041679357390513511e-02,5.303652450019694098e-02
9.967412659991163604e-02,5.621803376724551077e-02,5.380984291622671611e-02
9.946737024800554605e-02,5.233850771016852754e-02,5.619114921821641295e-02
9.916407850921725442e-02,5.151533427867025644e-02,5.637291233277252206e-02
9.909314709150504608e-02,4.861538671004637241e-02,5.646291329454822261e-02
9.867419711859463927e-02,4.585375492351102811e-02,5.652787094278956259e-02
9.860637642188535557e-02,4.364319777047261789e-02,5.658214422603519145e-02
9.848635929207646966e-02,4.188984492437843044e-02,5.654558559419063657e-02
9.834848641306177808e-02,4.024345121026218913e-02,5.652875062518811222e-02
9.826259125567637920e-02,3.871634566444446396e-02,5.648812144822300263e-02
9.792418795761757833e-02,3.690412996290125258e-02,5.646708863134124873e-02
9.771236029422980529e-02,3.505743454810093113e-02,5.645166451888401771e-02
9.734947422779632875e-02,3.278282968992663610e-02,5.656304238176920046e-02
9.663165199101986236e-02,3.063100498157944607e-02,5.649487386889595619e-02
9.620164366965847091e-02,2.862446730422936458e-02,5.648084880302504246e-02
9.603730684551364805e-02,2.675040957603119079e-02,5.648488232444759394e-02
9.542846288469165883e-02,2.395069385751442959e-02,5.651072054406246215e-02
9.465803511938285231e-02,2.184721292105599316e-02,5.644383327690905700e-02
9.427637428174447110e-02,1.951046800507295897e-02,5.646173866294623700e-02
9.324720876454965779e-02,1.634308257831796479e-02,5.635694204962232723e-02
9.255322117143019445e-02,1.395796989421898247e-02,5.630815315265333409e-02
9.216885280510450640e-02,1.076678827000224214e-02,5.620917512572091990e-02
9.205497079871792498e-02,8.049190068273115797e-03,5.613472231299729970e-02
9.193083184872521962e-02,4.711610528281557145e-03,5.599418320295476703e-02
9.205697167825351024e-02,1.586752630262759818e-03,5.588452900805121470e-02
9.223580280687293520e-02,-1.220771924087222593e-03,5.576365761424752904e-02
9.360481366655779012e-02,-3.720158855342736194e-03,5.569163024155923680e-02
9.403345171704026451e-02,-6.999802879217905359e-03,5.546876360839846781e-02
9.518272062075580631e-02,-9.285544474140053350e-03,5.506012386633749728e-02
9.597991207552457327e-02,-1.106801972565150081e-02,5.442219279545978949e-02
9.685860904136586735e-02,-1.291544411296071705e-02,5.351247853431705809e-02
9.729834098371634155e-02,-1.455499989129703346e-02,5.261380304198669949e-02
9.879638448446204091e-02,-1.589712330414484384e-02,5.213206832296658072e-02
1.000637760490193096e-01,-1.668398422347102880e-02,5.154912325920518040e-02
1.011629183732791898e-01,-1.715854411318800885e-02,5.033039965294178186e-02
1.023149226220257113e-01,-1.739735075929317240e-02,4.868709634087386301e-02
1.043958672604177462e-01,-1.732344323095523497e-02,4.791676562597419614e-02
1.061574064946217699e-01,-1.669792289742094704e-02,4.766969962715206927e-02
1.069785710453015626e-01,-1.619673406912231980e-02,4.713736634545007131e-02
1.085580411562743902e-01,-1.478110345688988213e-02,4.691994161583785961e-02
1.097739616441108512e-01,-1.329970332231544643e-02,4.645954839569386291e-02
1.108165328892520285e-01,-1.227511339623935799e-02,4.613122678071370636e-02
1.119377129900564205e-01,-1.141041678916125679e-02,4.571465125116182943e-02
1.124331364101333885e-01,-1.021104542285835616e-02,4.564312653764111827e-02
1.127425186080347197e-01,-9.310924173308471677e-03,4.543772290423907928e-02
1.131126698568244299e-01,-7.873142160613404161e-03,4.522041467132609932e-02
1.136456636101045997e-01,-5.836543480349918288e-03,4.514397391616439825e-02
1.138156917734757939e-01,-5.030420796205089563e-03,4.509287444829942343e-02
1.140660631733143165e-01,-4.006595418130263868e-03,4.494890928542934899e-02
1.143548598496462038e-01,-2.561917749758453166e-03,4.470630786280344743e-02
1.144941098844975691e-01,2.329529007425522704e-04,4.428345692597244337e-02
1.144907568815879961e-01,2.866468707047188213e-03,4.407506577113261964e-02
1.147860546564889173e-01,7.071866079788628398e-03,4.383033532597791632e-02
1.152777651440102663e-01,1.144483710139782874e-02,4.368632738961254064e-02
1.158567472147482014e-01,1.585873768730957506e-02,4.348974935583400925e-02
1.163096987161010842e-01,2.157287176383627589e-02,4.329907741008047484e-02
1.170203092972291053e-01,2.749550898542475058e-02,4.288472160525195337e-02
1.179178632566221102e-01,3.434869290342418280e-02,4.206059485745709814e-02
1.188538648168117329e-01,4.110719292858212859e-02,4.127440607575005860e-02
1.185552399002223339e-01,4.809964382684518008e-02,4.079011391222155808e-02
1.182757633118955570e-01,5.511505916349260931e-02,4.049378451434146320e-02
1.178583527898548478e-01,6.352311439562691175e-02,3.988361220432854598e-02
1.171379924480373397e-01,7.011520711477971235e-02,3.908979586128882161e-02
1.160130578138966334e-01,7.674653144137670580e-02,3.830096936429660398e-02
1.155620028914686875e-01,8.410243903327745130e-02,3.730282815048951983e-02
1.142172835830578548e-01,9.005236467071640882e-02,3.638866362512192115e-02
1.131018917140683006e-01,9.685686452751343656e-02,3.499382578734733240e-02
1.127452164866502293e-01,1.044019920295679721e-01,3.393757403698361569e-02
1.115141284268407890e-01,1.114065997150831266e-01,3.264232631427658321e-02
1.106603771503011785e-01,1.183459903160704596e-01,3.053289973909647723e-02
1.083394977558317651e-01,1.244018741949566853e-01,2.860239871181481305e-02
1.070771757742555175e-01,1.294963370485668064e-01,2.685993799938989415e-02
1.056621160564303885e-01,1.291850604396980462e-01,2.572336609538837873e-02
