1.051709242687513535e-01,1.733215339902321184e-01,-2.672240440238489445e-02
1.085767251874599805e-04,5.387806042142081336e-02,-1.738419981733871703e-02
1.650208581942756367e-03,5.332425632504859958e-02,-1.585460583870946377e-02
7.712720132258888903e-03,5.381626639123986838e-02,-4.422681908496224612e-02
-1.138736902382449755e-02,4.846527023490798669e-02,-2.081232174601598331e-02
1.284158869521722290e-03,7.917049623443428441e-02,-3.051492860973368387e-02
1.330675478638248524e-03,8.024406737822259439e-02,-3.136779548493475595e-02
1.611122879733946052e-03,8.085569760477739898e-02,-3.098277752239348565e-02
-1.544451318587242161e-02,3.556684320632098883e-02,-1.372478169860171134e-02
2.566495267339455929e-03,3.830562613676935513e-02,-3.436806122840358607e-02
2.332454838565167776e-02,-4.638676384740680197e-02,2.396504114397658269e-03
2.354647140654828052e-02,-4.604802400665317791e-02,2.269629553602655475e-03
7.455118490552682664e-02,3.033203070593872702e-02,-2.777884013041325914e-02
7.551174627971535269e-02,3.183259461702264009e-02,-2.810701397661587858e-02
2.501169165707763098e-02,9.070804775578009127e-02,-5.727732143916022811e-02
4.023792385407716499e-02,3.966333999824958600e-02,-5.053407414394438246e-02
4.035279518448175312e-02,3.974943746328397226e-02,-5.040952395330054736e-02
4.045336113875507705e-02,3.976637329613370853e-02,-4.999999175991454159e-02
9.537847156322944164e-02,1.236658828749748196e-02,-6.439023994842887899e-02
4.701508352995672352e-02,-4.107884221636206451e-02,-2.152887072481654215e-02
4.345854214764410112e-02,-4.536843777372644854e-02,-1.846589614364144843e-02
4.335995253644875369e-02,-4.603513716542938922e-02,-2.033471150953558917e-02
4.675968114715491064e-02,-4.160718303970926263e-02,-2.319039348517822063e-02
7.208808143967436466e-02,-1.524100205015447608e-02,-1.409680684158970583e-02
5.781702886406869454e-03,-4.814558794320041024e-02,2.509410688418654486e-02
4.441949386460433691e-03,-5.078889244504046496e-02,2.494594969370469636e-02
4.368994753119524385e-03,-5.090569398342138091e-02,2.495541062132650492e-02
-1.249738235316638288e-02,4.453239049626309815e-02,-1.970054142274249576e-02
-2.180711917739296558e-03,6.943264836110477067e-02,-2.316102803964236942e-02
-2.584257839775611857e-03,6.985927286846047024e-02,-2.240640594227669147e-02
1.161862097936922598e-02,9.605622472413882784e-02,-3.021192175564546556e-02
4.092499271743627043e-02,1.169838799992419937e-01,-7.706573470304788065e-02
4.089188888499329516e-02,1.171607001639674434e-01,-7.696322670047833769e-02
4.097199413267129525e-02,1.172348198118564333e-01,-7.646655371042263005e-02
3.999979057946976418e-02,1.362372486675369199e-01,-2.964269533468062365e-02
3.718956456734191091e-02,1.333244439347466281e-01,-2.571634102227635110e-02
3.440006930280323921e-02,1.287591008366144874e-01,-2.482462945798218079e-02
4.112475721150790631e-02,1.365615609287419430e-01,-4.956681754699863302e-02
3.724285414765947377e-02,5.297350622952130134e-02,-6.142064848689474804e-02
6.678977298358651504e-02,7.096942718056488408e-02,-7.069728559854623895e-02
6.705391901428271739e-02,7.113028928755130154e-02,-7.077419132538799451e-02
8.694064084266844850e-02,1.010319271422282228e-01,-4.978376160834914466e-02
8.686831432448031964e-02,1.010227184599239159e-01,-4.967701510262976378e-02
8.627369523879764579e-02,9.243446189311060879e-02,-4.758519189671657490e-02
6.736528295096159968e-02,7.914623997579776915e-02,-7.257991690154537434e-02
4.897415640260877751e-02,4.645026545359863535e-02,-5.078915481822354056e-02
4.927620162995206832e-02,4.048783228931251282e-02,-4.917916727110083902e-02
4.936151985247026752e-02,4.039179260533897614e-02,-4.907800221580256583e-02
4.939449714566999244e-02,4.041394380729715352e-02,-4.910790729605064159e-02
4.263829947539585913e-02,3.129078159940091447e-02,-5.084920490880519978e-02
4.288625230638094810e-02,3.367837714289528828e-02,-5.376102716395581016e-02
4.071892844550518281e-02,3.350305862589486594e-02,-6.042026675176458139e-02
6.257929727297199818e-02,5.669503933343316565e-02,-3.736343500074092161e-02
6.257619151761296961e-02,5.664782536630515869e-02,-3.763415496060823484e-02
6.254335250538349544e-02,5.667470327023488991e-02,-3.770489839185735964e-02
6.254637098268604756e-02,5.667558797486446642e-02,-3.769757236023043440e-02
6.422855704702899737e-02,5.811447983353103253e-02,-3.324937435596826002e-02
6.436168541261630405e-02,5.843279696166316789e-02,-3.302431591467097638e-02
5.743799067771131195e-02,1.353337268148668004e-01,-4.285097541999648846e-02
7.124202220133744878e-02,2.460908477410105599e-01,-2.442223783764129949e-02
7.151113791505663009e-02,2.468239572188929420e-01,-2.431533841732813964e-02
7.156037066972989469e-02,2.469521937234127607e-01,-2.427972088643335843e-02
9.011529684734508050e-02,1.052894549146378839e-01,-4.517771927019916672e-02
9.009752922329618274e-02,1.052667246796449713e-01,-4.520338279036253959e-02
9.018941154358275925e-02,1.053477217626081902e-01,-4.521206482898118550e-02
9.018251432027092618e-02,1.052286547025323149e-01,-4.518089434845347363e-02
9.025072543285569959e-02,1.053483672185061004e-01,-4.522970084764237064e-02
6.942825442608741016e-02,2.447781797374882218e-01,-2.188273412106209528e-02
6.946543663815901715e-02,2.449172386723048600e-01,-2.184936269167952680e-02
6.916675264173727244e-02,2.442351222143869516e-01,-2.177733197391557712e-02
6.924096303045586265e-02,2.444811768524557394e-01,-2.176178158381170819e-02
6.930994788691841046e-02,2.446356739981316031e-01,-2.187776855650639535e-02
9.549660108587830487e-02,2.186230502837185896e-01,-6.207230007175203179e-02
9.543870572504106753e-02,2.188716623284220342e-01,-6.210306932407222424e-02
6.928445359003528037e-02,1.563589928891130076e-01,-3.607356129687477181e-02
6.897940690861097124e-02,1.559505462360798456e-01,-3.585893440441161040e-02
6.846219108701023792e-02,1.547696966273694186e-01,-3.548788275385984098e-02
6.809031090384405627e-02,1.539273536800646602e-01,-3.525096395527762411e-02
6.804753271861234409e-02,1.536180324697459798e-01,-3.508344006570044554e-02
7.007506895156991045e-02,4.528764650478447375e-03,-7.763167964253243729e-03
7.008804145296197718e-02,4.549084642179191881e-03,-7.688319411642583617e-03
7.005506904603921170e-02,4.497483249727120963e-03,-7.666403568284665439e-03
6.956951767967985145e-02,4.285567716032914060e-03,-7.991837083812609530e-03
6.945069103883003137e-02,5.683418251812085917e-03,-8.074268155123498145e-03
6.937052740460522560e-02,5.902371433646623824e-03,-8.160242124351475140e-03
7.237780069279232953e-02,7.382029313338892007e-02,-1.998570026665908925e-02
7.236368345365715160e-02,6.743412625840147778e-02,-1.904367892423091888e-02
4.981835751188661704e-02,4.034058539608288002e-02,-4.380401256896299805e-02
4.994542198720984538e-02,4.040540970221205563e-02,-4.391028830709899078e-02
4.984993451816927684e-02,4.013930267437275379e-02,-4.366036333033497530e-02
6.939048128650748826e-02,5.183128476223608679e-03,-8.147670522800506965e-03
6.920816347596166207e-02,3.718571814675983734e-03,-7.877608327309042202e-03
6.903346468039274486e-02,3.558597807783609249e-03,-7.790165781777798684e-03
6.901627414408918748e-02,3.516629685220967055e-03,-7.777029998974814735e-03
6.897661052543137272e-02,3.456552072698793054e-03,-7.708835986075579516e-03
6.935857942575457402e-02,3.838017259265681831e-03,-7.762186537751528982e-03
6.943096575278519256e-02,3.921964074693876090e-03,-7.770169479598985907e-03
6.993852829817491512e-02,4.331396776727293972e-03,-7.638377375473214166e-03
7.015496861499070924e-02,4.494061675581847992e-03,-7.557147296894428483e-03
7.000589471247886664e-02,4.345237289852432912e-03,-7.680275161480855026e-03
6.953855426621036173e-02,3.929438660954530198e-03,-7.711417738622164224e-03
6.949106949713478032e-02,3.888908658114587080e-03,-7.749710399609735859e-03
7.210774252218256353e-02,6.737211911863126568e-02,-2.189903096782774491e-02
7.214933851851476621e-02,7.382629828942094408e-02,-2.309331745932530558e-02
4.977952472439864384e-02,4.585527633557383298e-02,-4.462972557311766647e-02
4.926217696734667972e-02,4.517915164597600952e-02,-4.445454029683879732e-02
4.920790689375169336e-02,4.514407974753092967e-02,-4.441622466258766944e-02
4.229630993160302110e-02,2.961006118342999344e-02,-4.474327947707670144e-02
4.270400060375726531e-02,3.003944059497701616e-02,-4.477057692925184157e-02
4.322183158094743821e-02,3.055835049219038715e-02,-4.484701506965740186e-02
4.311129993972341590e-02,3.053220535855434570e-02,-4.471610143796943271e-02
4.322155920596069956e-02,3.063198440766731409e-02,-4.470146382855701844e-02
5.048247745030646355e-02,4.656474697894636555e-02,-4.451608648389417111e-02
5.070550762841535830e-02,4.647734616441034916e-02,-4.436221147871923648e-02
5.094040602827742958e-02,4.675440220020184862e-02,-4.445868665082585575e-02
5.098107569877064621e-02,4.674476997155605634e-02,-4.443890011692424452e-02
5.948172929331480008e-02,5.713022236738396487e-02,-6.403847712578476792e-02
5.937992188389609044e-02,5.696986281013589198e-02,-6.392722613176787805e-02
5.937565127120478237e-02,5.701688150869537591e-02,-6.403461348597729030e-02
5.038793707626429419e-02,4.526220200633208207e-02,-5.766057431427791535e-02
4.111468104066089146e-02,3.115714494105610924e-02,-5.065854561407762829e-02
6.750218333519539260e-02,6.221748865049854527e-02,-2.519248852475669195e-02
5.705107122003858638e-02,1.302068700070544149e-01,-3.477756140395069084e-02
5.707570919471546128e-02,1.302499011998511647e-01,-3.468521505538434135e-02
5.708941899940019743e-02,1.302452482483444918e-01,-3.464167913440287239e-02
1.129723757083493374e-01,2.499287553861893607e-01,-7.002186132605761615e-02
1.131073763483609329e-01,2.500843861192823536e-01,-7.001393298575687985e-02
1.130963887811572699e-01,2.499027023505244749e-01,-7.007578971392150469e-02
1.131159116394088865e-01,2.498698299432157155e-01,-6.997513310424845201e-02
1.126985386266067118e-01,2.490229752841771893e-01,-6.968140367766320620e-02
9.722131974186729031e-02,2.183580794383876145e-01,-6.042099160719078405e-02
9.719025162234172510e-02,2.183088204566270840e-01,-6.041583438942236400e-02
9.715494259277035471e-02,2.181513756364713286e-01,-6.036347018177568718e-02
9.715586583412733068e-02,2.180879815989346104e-01,-6.031243237898071402e-02
9.721430352723990642e-02,2.181631023952513293e-01,-6.026454648198207448e-02
1.133134795793684507e-01,2.082494085778739956e-01,-3.128935545936293444e-02
1.135907824902363805e-01,2.087426236054801265e-01,-3.137547034663176748e-02
1.136718821908433985e-01,2.087703551442596228e-01,-3.138256402810207790e-02
9.781704688927626845e-02,2.189697514985863569e-01,-6.020577411513409333e-02
9.778154933183082209e-02,2.187567284998701289e-01,-6.023592352829099800e-02
9.783464712649786454e-02,2.187978929473663181e-01,-6.003424859157965171e-02
9.788716894145507719e-02,2.188503952897644100e-01,-5.998890571904112734e-02
9.789849802227376663e-02,2.187922470281551124e-01,-5.995216299416446931e-02
9.888243162285167975e-02,2.201107525157396383e-01,-5.761383322128033752e-02
9.888254409873113715e-02,2.202160920995418214e-01,-5.758355375006454085e-02
9.887508107420586723e-02,2.204185469832098121e-01,-5.761799899877841080e-02
9.893150816931832459e-02,2.204346160886549999e-01,-5.758759521128296172e-02
9.897094120785800142e-02,2.204852599927889234e-01,-5.759493727592440021e-02
9.899987576969221381e-02,2.205746379391280709e-01,-5.748186086614102963e-02
9.806003000382633450e-02,2.192519483046703188e-01,-5.986281185090902568e-02
9.806010381433209744e-02,2.191766354946887152e-01,-5.984975687558411611e-02
9.899103724413396699e-02,2.206690244804714041e-01,-5.739663294762803458e-02
9.881609689523825069e-02,2.202767790989080543e-01,-5.731848698046095036e-02
9.857129889861868111e-02,2.197709581667297019e-01,-5.720795977710994851e-02
9.824562396476325954e-02,2.186774734567965839e-01,-5.705965898864999442e-02
9.798498178672358783e-02,2.182588555583445111e-01,-5.703060611624300585e-02
9.796072968971612782e-02,2.182176029533743067e-01,-5.711396865732227407e-02
9.787623708872796036e-02,2.182820546686366214e-01,-5.713858758064324639e-02
9.781957658596418526e-02,2.181653480377254983e-01,-5.725606146416535591e-02
9.772849508598804857e-02,2.179897028745598486e-01,-5.724414510246234739e-02
9.782003898980932977e-02,2.180766046760789501e-01,-5.725891076177052480e-02
9.812098730212888420e-02,2.183860776227083689e-01,-5.712953462027525742e-02
9.819933843569428333e-02,2.185755459533584022e-01,-5.704151576728167666e-02
9.819553410943278327e-02,2.186022437568947707e-01,-5.697507513700832832e-02
9.819295269056034503e-02,2.186300567189628785e-01,-5.687347446060946748e-02
9.820369357395342114e-02,2.185335243724789156e-01,-5.683718849261755468e-02
9.843481750981109002e-02,2.189371997215260046e-01,-5.676477390117014299e-02
9.788846756887278899e-02,2.181425802380168311e-01,-5.656732902547105535e-02
9.792982605776112681e-02,2.182013975115155158e-01,-5.651702844819962712e-02
9.776827523744954784e-02,2.181533992729648430e-01,-5.656837297705005763e-02
9.774226091280688311e-02,2.182502998495843283e-01,-5.646462360515032419e-02
9.277388152742738203e-02,2.093652487296803755e-01,-6.169064419196063770e-02
9.278274295910568514e-02,2.097095481765683944e-01,-6.229584903083228847e-02
9.278065288471824823e-02,2.100853898044009183e-01,-6.247379087183560498e-02
9.282564916754969253e-02,2.102162890800079176e-01,-6.258435002751001897e-02
9.792259535759613442e-02,2.197774927694251257e-01,-5.670548354509977879e-02
9.791339030453938275e-02,2.197949253242151291e-01,-5.668279418289212668e-02
9.786476849964637070e-02,2.199617697918021531e-01,-5.671314977529651885e-02
9.778978927415150901e-02,2.202069986617244124e-01,-5.665396641399610134e-02
9.772719373863311687e-02,2.202994536672537029e-01,-5.656832896552107387e-02
9.758181059600927465e-02,2.205112423530114496e-01,-5.653858618104247447e-02
9.749572122298659493e-02,2.198854521591044886e-01,-5.636977784061127095e-02
9.753005215967876229e-02,2.198348021135737296e-01,-5.597779711784590245e-02
9.813253475704265816e-02,2.203825701937813242e-01,-5.483953493397026452e-02
9.808402880053576633e-02,2.194484568638856992e-01,-5.375038008829832736e-02
9.752669777605130208e-02,2.181690589002667768e-01,-5.158893405788599063e-02
9.657825958684394807e-02,2.151130122719961402e-01,-4.869874315744224247e-02
9.606813654077397957e-02,2.028700650857532262e-01,-4.265370718670567773e-02
9.440666659270209593e-02,1.981919131242579346e-01,-3.762802230882878601e-02
9.387510889684379245e-02,1.911155045411268294e-01,-3.106207059135464299e-02
9.309272373056023953e-02,1.839685656942924574e-01,-2.540079614222579343e-02
9.045194807988575503e-02,1.701405125433326226e-01,-1.716060852430706385e-02
9.120324114583273911e-02,1.618533002948695509e-01,-1.278886076730736780e-02
9.208396856967192290e-02,1.556704663362889762e-01,-8.091361668864982537e-03
9.373010284295657524e-02,1.490119409425786634e-01,-3.444303132195025881e-03
9.380974238457090442e-02,1.431265162291544546e-01,9.569267087505797971e-04
9.474752121207677402e-02,1.379464124583923146e-01,7.436657987390365813e-03
9.761701694999010137e-02,1.362371889056024632e-01,1.009190214099128964e-02
1.014208346341795020e-01,1.357384446641002329e-01,1.377273247917033816e-02
1.030426969153768191e-01,1.333357439011038925e-01,2.045407440130012078e-02
1.036957314563553556e-01,1.318338139443394896e-01,2.495569081955721635e-02
1.039277766669662595e-01,1.298561967951752105e-01,2.874070224147005567e-02
1.038344380865967864e-01,1.272126012277332852e-01,3.303168139273782167e-02
1.044049170549842392e-01,1.273637245727973488e-01,3.624735567494965366e-02
1.048127505659906950e-01,1.272890185914294925e-01,3.963775286075119780e-02
1.051146248086578250e-01,1.272735788729281170e-01,4.528630665423789142e-02
1.046525153316557322e-01,1.273727490042747268e-01,4.739004123190640461e-02
1.040621384016473389e-01,1.272172318028368942e-01,5.052964141214730254e-02
1.031047761540220542e-01,1.267572881162952192e-01,5.143353096390930468e-02
1.022601743275095426e-01,1.276912643083144283e-01,5.275643317459767501e-02
1.015610392042190224e-01,1.278650763171927385e-01,5.393787293304545816e-02
1.015049982927948985e-01,1.282947912479304176e-01,5.419221913859949280e-02
1.014622075479096747e-01,1.283422415384488924e-01,5.449630971611546526e-02
1.014972737500848543e-01,1.288058852564958057e-01,5.456132331582610323e-02
1.016155802725117741e-01,1.294356010840561622e-01,5.470730834282327287e-02
1.017153959268550789e-01,1.298506882515806093e-01,5.470547110761776743e-02
1.018421661607329110e-01,1.300856660943081888e-01,5.468559168518567770e-02
1.024480930406642537e-01,1.307138874053010158e-01,5.473939919036231033e-02
1.026173503719962077e-01,1.314459574985228363e-01,5.474722749929416404e-02
1.027609932352487182e-01,1.318922986486977533e-01,5.475419485227514538e-02
1.029376870619277545e-01,1.321876032036234938e-01,5.476523684560832828e-02
1.030334834759993323e-01,1.324303555580680358e-01,5.480132564325430888e-02
1.029808221958985331e-01,1.326971967043672762e-01,5.480175114326738678e-02
1.030960984028854999e-01,1.328808622854116273e-01,5.479975220848984363e-02
1.031223270548511373e-01,1.328910022996541984e-01,5.479416563818678698e-02
1.031604541002934944e-01,1.329285541590231046e-01,5.476497427781885224e-02
1.031778908972552367e-01,1.328754277688837526e-01,5.474882404707975131e-02
1.031897962170026245e-01,1.328304707235428428e-01,5.475064255732611795e-02
1.032052027469305966e-01,1.327763800750290935e-01,5.475798616713101891e-02
1.032044740854767689e-01,1.322735692739435143e-01,5.487745239368455735e-02
1.032000104667329388e-01,1.322209406834509160e-01,5.487061760813864708e-02
1.032478181239493142e-01,1.321552277224201377e-01,5.486558513731982362e-02
1.033176167165142795e-01,1.321857127964203293e-01,5.487772485185218180e-02
1.032134277651553522e-01,1.320822642635301747e-01,5.488682845906925345e-02
1.031733525681045038e-01,1.320249825890105200e-01,5.488771986407171843e-02
1.029844272504182173e-01,1.318413033074745944e-01,5.485730154825374516e-02
1.029448733952304379e-01,1.317960125649998704e-01,5.483744428558675471e-02
1.028044902783174924e-01,1.317844850444694349e-01,5.481781116864905407e-02
1.027421726066852781e-01,1.317330012732330635e-01,5.479526904180333918e-02
1.026566419945104530e-01,1.317048791650072825e-01,5.482532797572389066e-02
1.025900119660425186e-01,1.316703586118996017e-01,5.482394086549876450e-02
1.025476157637993935e-01,1.316452222123606353e-01,5.487906229444062395e-02
1.024691558552882770e-01,1.316246426506890166e-01,5.492959987142927852e-02
1.022343533743138855e-01,1.313567142455718262e-01,5.493959334761159413e-02
1.021933766236989144e-01,1.313164469233726594e-01,5.496135753640211952e-02
1.022856067480594211e-01,1.312223341205495941e-01,5.496435283364170532e-02
1.020540521682347795e-01,1.309895911883198760e-01,5.490014739806821364e-02
1.020225884916051984e-01,1.309558062551597069e-01,5.489136011071071158e-02
1.019602482183101094e-01,1.308936199685003243e-01,5.483158614290556399e-02
1.019679702954047612e-01,1.309639945860429089e-01,5.480141204204434097e-02
1.019954980695739893e-01,1.310009054034346199e-01,5.479956723335623059e-02
1.018833953990774671e-01,1.310357670418598741e-01,5.494133005887161247e-02
1.018513692011972366e-01,1.308203871431961041e-01,5.491562692299804815e-02
1.018173852355220149e-01,1.304151556308607574e-01,5.481329284344099717e-02
1.016718743232856714e-01,1.303556216257414913e-01,5.456041202638580584e-02
1.015731685524774996e-01,1.304074064819536749e-01,5.397512291310734706e-02
9.966241067043055124e-02,1.370530521902866838e-01,5.088770422722842940e-02
9.674229332563082095e-02,1.422167835244003420e-01,4.550924047334436312e-02
9.736094424836373717e-02,1.517188533535149264e-01,3.762137721849394267e-02
9.997691428087454590e-02,1.567867586226696086e-01,2.919889351730491772e-02
1.019811613625287994e-01,1.607659608791458528e-01,1.786979628103362722e-02
1.048841659663908854e-01,1.639561472359809535e-01,7.629744198803397291e-03
1.015688330652889382e-01,1.604928427163746507e-01,-8.019903235153636248e-03
1.023230515911577737e-01,1.633624205397053442e-01,-1.755993381023532654e-02
1.004722449321141658e-01,1.684277503152181166e-01,-3.110210051263089318e-02
1.008435541279025377e-01,1.768188729422128791e-01,-4.049835316078459480e-02
9.816453729721491550e-02,1.811764374973967306e-01,-5.108562114673093763e-02
9.634648623046089544e-02,1.863165941284262717e-01,-5.826527403466826016e-02
9.639643745711437561e-02,1.895488516998040385e-01,-6.427347115948703338e-02
9.688490556747647586e-02,1.939541069253538919e-01,-7.186385776199352704e-02
9.728775045861315363e-02,1.950285947859271007e-01,-7.436052111679583576e-02
1.002491586507903709e-01,2.001787030244415733e-01,-7.758967708379502226e-02
1.035768368549719182e-01,2.041209784166054531e-01,-7.908162724728305670e-02
1.046693185671008497e-01,2.058310146003822505e-01,-8.012317248890529764e-02
1.050106174913764817e-01,2.066355571334353436e-01,-8.035136454149079122e-02
1.049102442040733413e-01,2.069580295642583778e-01,-8.057056366117250346e-02
1.048976694674584459e-01,2.070770350431100360e-01,-8.051169167441894758e-02
1.013185674483376569e-01,2.113475673225706508e-01,-8.325857605518179050e-02
1.013259489168274463e-01,2.115261997873556787e-01,-8.325455008048682215e-02
1.013311811015504271e-01,2.115987424265139416e-01,-8.329429534631629939e-02
1.048590426463078817e-01,2.076531380348166644e-01,-8.086404943771498266e-02
1.048691396994907432e-01,2.076470196039206240e-01,-8.087200925108353755e-02
1.049128724723708828e-01,2.076505196613769866e-01,-8.087642417061444156e-02
1.049123975042439705e-01,2.078025586847719042e-01,-8.097789513664699346e-02
1.049347326296408700e-01,2.078316637892003438e-01,-8.102665813290367558e-02
1.049573824482556844e-01,2.078624885767056674e-01,-8.140966407470039135e-02
1.049657819326275388e-01,2.075471322709668831e-01,-8.124966374298321636e-02
1.049841627383872183e-01,2.074170374455628074e-01,-8.140397522957897036e-02
1.049841551938551915e-01,2.072641206676202330e-01,-8.139758717463886628e-02
1.050065870241726207e-01,2.071892343324235886e-01,-8.143053924310690583e-02
1.047481537313507682e-01,2.067939499562735650e-01,-8.144728783757862467e-02
1.046800905463342035e-01,2.067428458323503360e-01,-8.191692985360041201e-02
1.046761782415181197e-01,2.067250468582304546e-01,-8.193707232845005850e-02
1.046611565500907004e-01,2.065273487985997414e-01,-8.193218280442594870e-02
1.046602209094890240e-01,2.061712002676947542e-01,-8.185958312189647867e-02
1.047106935106141695e-01,2.062351628999920250e-01,-8.190233148038818245e-02
1.047483978038863950e-01,2.063475787253029881e-01,-8.175257506829577969e-02
1.047469370849882925e-01,2.063656025514616354e-01,-8.174245871427716914e-02
1.047796176835539272e-01,2.063999698806265048e-01,-8.170362963755875563e-02
1.047857920843133783e-01,2.063485637472294298e-01,-8.167346159075085377e-02
1.048287887408179686e-01,2.064582614040192110e-01,-8.169513913162027019e-02
1.048281828718937853e-01,2.064527568790274770e-01,-8.166775947148682824e-02
1.050591736068217930e-01,2.066228538195838127e-01,-8.136842378883825389e-02
1.051803193857235308e-01,2.066933101198335787e-01,-8.127374817080981750e-02
1.051817842509443213e-01,2.067091606582220353e-01,-8.107966354001429343e-02
1.051994281097848594e-01,2.067054030291829436e-01,-8.102593110666653220e-02
1.051155640772924449e-01,2.065431754712993839e-01,-8.058104098197281517e-02
1.050395216497198164e-01,2.064894336358698568e-01,-8.037603267955330255e-02
1.049337240907422947e-01,2.061505548383796849e-01,-8.011221247158867298e-02
1.048479730791836428e-01,2.059748249854723434e-01,-7.989848804900619161e-02
1.048339510881450692e-01,2.060467954586880923e-01,-7.981586166823041728e-02
1.027120922482701870e-01,2.083195567221713396e-01,-8.094278289548881289e-02
1.030899226705321442e-01,2.050308287273163443e-01,-7.941468494817581492e-02
1.033381758945210449e-01,2.028516454676613234e-01,-7.829664285172187321e-02
1.074976033403344244e-01,1.939290889687182440e-01,-7.235751471239573740e-02
1.080831722436802478e-01,1.863489484770698701e-01,-6.816485144081062264e-02
1.108001966847514952e-01,1.784496430643703890e-01,-6.430915475319748387e-02
1.139805467500872582e-01,1.687317598310590638e-01,-5.753913768474754747e-02
1.169254764483383391e-01,1.566887655529692058e-01,-5.263782511547390047e-02
1.206268439275894611e-01,1.466228342795024286e-01,-4.769150516505949594e-02
1.238376883838134962e-01,1.386429475541020584e-01,-4.296053282806448770e-02
1.276448002769583201e-01,1.326139745818759041e-01,-3.739574150372825673e-02
1.347051261140746470e-01,1.284576094362289145e-01,-3.299149220691578038e-02
1.402951939537030457e-01,1.272713815199804088e-01,-2.779042689653433290e-02
1.540662713618588253e-01,1.376320337313330089e-01,-2.485218745144195454e-02
1.613727078953618721e-01,1.399948389484567957e-01,-1.939963014605166139e-02
1.703075117860037291e-01,1.454703902424148154e-01,-1.696972018604099228e-02
1.803522700257959577e-01,1.516503001733850164e-01,-1.420777926745498028e-02
1.859660245367792675e-01,1.531302793211700985e-01,-1.210307839290011150e-02
1.900293256220841054e-01,1.527083153648265967e-01,-9.834326985879653094e-03
1.918501577274388248e-01,1.508255517450322880e-01,-6.950831460508028609e-03
1.821858890812919352e-01,1.355214970111099648e-01,-8.670441138321405630e-03
1.816626079476581501e-01,1.306166714068640877e-01,-6.568794248889653006e-03
1.834984240093737173e-01,1.309751465017975069e-01,1.108085399198368562e-03
1.764772114768191902e-01,1.228028231377787799e-01,4.170856307538240229e-03
1.691396299100515754e-01,1.134167196256182231e-01,5.388680386434468485e-03
1.632875674938267796e-01,1.068210405346056158e-01,7.353329817200505644e-03
1.545818960110100504e-01,9.411815017478254719e-02,9.252375516792921140e-03
1.498934345236059285e-01,8.701995800370972145e-02,9.307940715269016549e-03
1.323871920249526102e-01,6.827899448335447707e-02,5.438461625574311439e-03
1.277729314965347918e-01,5.938527677617137790e-02,7.061421155625948777e-03
1.254718500760615418e-01,5.443872098020548222e-02,8.728280482452692099e-03
1.207769957283548884e-01,4.923457357446190535e-02,1.977915683582006506e-02
1.195518888329701324e-01,4.568777377686860514e-02,2.219063221763603252e-02
1.172033015115302029e-01,4.062149467435763328e-02,2.492793793547223163e-02
1.141304948346438808e-01,3.611733644957251105e-02,2.770176724859150369e-02
1.114565909259472715e-01,3.226674377783091824e-02,3.014918740346867951e-02
1.097514468455789011e-01,3.106692046214273514e-02,3.292943356952037631e-02
1.076459393155273503e-01,2.984003690054374408e-02,3.523067800572902281e-02
1.035264284526953849e-01,2.887657987454008215e-02,3.516988511552144453e-02
9.718744469896892224e-02,3.089258124540820299e-02,3.474078157271719841e-02
8.796905091628254292e-02,3.592159257167034520e-02,2.969234190036060261e-02
7.610544154974957509e-02,3.213070913258207761e-02,2.208479435708925534e-02
6.104655665956515431e-02,3.887668455002864926e-02,1.290124822613789544e-02
4.904751876089547685e-02,4.960162778339879258e-02,-2.582191298914053405e-03
3.536154840308376734e-02,8.228441677504323704e-02,-2.227820336909739143e-02
3.203344036421761770e-02,1.025425046248261279e-01,-3.137696226841684560e-02
3.221178276220968556e-02,1.148079993181682218e-01,-3.207515141407744214e-02
3.362147500460884592e-02,1.177593572268744171e-01,-3.304037571978950955e-02
4.170496998193248817e-02,1.294340012665552153e-01,-3.564224166901926172e-02
5.304172320946261981e-02,1.367181300400690802e-01,-3.667836201385923228e-02
6.925952843738877873e-02,1.305215171754786352e-01,-3.205139108589782904e-02
8.371600919056813861e-02,1.212830047205166045e-01,-2.872322703416496648e-02
1.016085807774405464e-01,1.067145374899278604e-01,-1.837500824069737346e-02
1.133797526747043621e-01,1.069261377506078858e-01,-1.029039762107701074e-02
1.467294426803982255e-01,1.342354423668156715e-01,4.684221503882852675e-03
1.556127537419197404e-01,1.427286007281204916e-01,1.626923453964364621e-02
1.577310430905606575e-01,1.207999398989061807e-01,2.315327451204420017e-02
1.655051474479411755e-01,1.591785995723933034e-01,2.644871566368392837e-02
1.649586753423705754e-01,1.801673020008437431e-01,2.022937856078125748e-02
1.610481362742696154e-01,3.443242677876125479e-01,1.933410581851848289e-02
1.598542822906889316e-01,3.537368701869906262e-01,9.181385424216256114e-03
1.604401642921131910e-01,3.719214623655051066e-01,6.977931074732650341e-03
1.110772027379927918e-01,3.771425583774176693e-01,2.581458002045491570e-02
7.032227505323716821e-02,2.577413379583174402e-01,1.626065000913444816e-02
6.575289186388746931e-02,2.378715544518053282e-01,1.711576261192645013e-02
1.375266434281027794e-01,1.650956954530858611e-01,-1.179827858813169150e-02
1.433191597168769760e-01,1.744240738920197764e-01,-1.932121368574859013e-02
1.614773608683783834e-01,1.849049748821766370e-01,-1.837744768107627338e-02
1.370129938665612668e-01,2.894982056153054817e-01,-2.318601528202057088e-02
1.314718097335936253e-01,2.854035356520407962e-01,-2.399549149474781637e-02
8.470249771661329807e-02,7.696405828002227112e-02,6.774444301011602922e-03
8.589230676368650452e-02,7.640011466256212136e-02,-1.897729224833663098e-03
7.861245401664400390e-02,6.399184769274517126e-02,-3.701319221758145490e-03
7.106151196270535375e-02,4.949927596655333273e-02,-2.009007968044573041e-03
6.645373849719869719e-02,3.897610362187988592e-02,5.236239559934395028e-03
3.522372317993085165e-03,-5.109775677085234141e-02,2.139113215777540059e-02
5.623655213538170106e-02,2.364798725946240521e-01,-6.377547768885595547e-02
1.583938613544330284e-02,1.315726833916221472e-01,-6.037812649359988564e-03
5.326144212065582473e-02,2.352939008841256896e-01,-6.968116055034262457e-02
1.070547590035290930e-01,1.186357245805351596e-01,-6.058528997842730496e-02
1.127280808163619447e-01,1.190447933054308294e-01,-5.491115809905168510e-02
1.568240930733742766e-01,1.549989216031298911e-01,-5.375006145039330080e-02
1.623309306275337871e-01,1.564277328252491328e-01,-5.265686267751625016e-02
1.656566092820431491e-01,1.608685599415097256e-01,-4.776200759976448329e-02
4.586202189683043912e-02,1.378733763369795473e-01,1.653491682003952259e-02
5.672537724681035731e-02,1.532935866441757777e-01,2.495141397913270068e-02
5.850866751352460510e-02,1.472893716675749420e-01,2.940234256006284824e-02
8.653421504494825806e-03,-3.602763174122192852e-02,5.551795285678074593e-02
8.723363509304096763e-03,-3.589286306598916260e-02,5.553411125716613966e-02
1.738400904575091999e-01,3.583130784185038081e-02,-7.142161694232664580e-03
1.368265664836239293e-01,3.511386953126117982e-02,-7.974692802336700789e-03
1.370034871006034494e-01,3.594874949687969223e-02,-1.112456144254294829e-02
1.594109080501687203e-01,1.246162947628100953e-01,-3.979803651762763191e-03
1.571841274148712553e-01,1.253358837272579573e-01,-1.096427811173883091e-02
1.489228537516586182e-01,1.267260426706153797e-01,-1.800174351154527203e-02
1.352990601501698198e-01,1.190260989620780946e-01,-2.673343515681140398e-02
1.277519065233308215e-01,1.219936862376306275e-01,-3.927821203623844265e-02
1.226503383885621662e-01,1.282729710972396742e-01,-4.995522188213237513e-02
1.213090383059087923e-01,1.384264776805061992e-01,-6.178344909055102224e-02
1.223339986941677504e-01,1.486653458697009544e-01,-6.771720687532513383e-02
1.248668300651799706e-01,1.579832296418847981e-01,-7.241207026527192447e-02
1.285126020485130305e-01,1.682662893515108338e-01,-7.631314776262192179e-02
1.288113877110699523e-01,1.724274096459905703e-01,-7.859072944074300959e-02
1.295291099351702779e-01,1.764253785027325439e-01,-7.921751785704769788e-02
1.293947229266131094e-01,1.773003124036625355e-01,-7.793424811302696043e-02
1.294669534701070879e-01,1.808484748344667548e-01,-7.792082616384797544e-02
1.287927406394243357e-01,1.815010660646639018e-01,-7.689073028496679063e-02
1.272644625665048101e-01,1.801017011155283398e-01,-7.572086956319530604e-02
1.257742868803610192e-01,1.773009196573720747e-01,-7.265265847883885242e-02
1.240157164614473090e-01,1.719557392792842310e-01,-6.900159761782996559e-02
1.212873681124613801e-01,1.595917972102046112e-01,-6.256495496398546685e-02
1.215134927743936333e-01,1.480386939086069109e-01,-5.617979644531598954e-02
1.205594614228102518e-01,1.324365642761436423e-01,-4.993707588408616976e-02
1.181492696372353907e-01,1.159813683965245923e-01,-4.192937912985791882e-02
1.158758589022698821e-01,1.010665466361021642e-01,-3.559577387755277073e-02
1.134724717405983518e-01,8.552129204467821821e-02,-2.630800224579014912e-02
1.101041394938922363e-01,7.125406669712244789e-02,-1.704001325504285458e-02
1.069343266408060988e-01,5.838413711452906940e-02,-7.782561590113296242e-03
1.044568358501217903e-01,5.216824540040535668e-02,1.941755889499510810e-03
9.995511578757192150e-02,4.331613193069840800e-02,1.062380314498649961e-02
9.781386354932219973e-02,3.905101686605187694e-02,2.098744891489448192e-02
9.626088064090433660e-02,3.815401169761239303e-02,2.804061477294859245e-02
9.451407407322807985e-02,3.748335750242166170e-02,3.465650543972435133e-02
9.405707122800699427e-02,3.787562554392998049e-02,4.080050970423473866e-02
9.343289174767134553e-02,3.935571788340919142e-02,4.626613330862838769e-02
9.298139090032532528e-02,3.928299415119742427e-02,4.910321427850831977e-02
9.250594241787812866e-02,3.941638238452583459e-02,5.163278830273961700e-02
9.214929353871340045e-02,3.921236630207819429e-02,5.326527683114936490e-02
9.178243975016557588e-02,4.020398316035847519e-02,5.497498345812218412e-02
9.173998875151674615e-02,4.020148272911035214e-02,5.558274625749929504e-02
9.179608292963964411e-02,3.986739157987206905e-02,5.624014133081306488e-02
9.221548927032607867e-02,3.955607159270670831e-02,5.631699850769805032e-02
9.235796612684189777e-02,3.992655070849815413e-02,5.636108453009478630e-02
9.291818583912304919e-02,4.008100526485226800e-02,5.636859853206588333e-02
9.336321281115829429e-02,4.025274795954717627e-02,5.636276514681543004e-02
9.452788351748565854e-02,4.125065271446426429e-02,5.641599652329854636e-02
9.683178475633628934e-02,4.349888062903613933e-02,5.655026014372901283e-02
9.815439923548587020e-02,4.648328110087131260e-02,5.575797590121980146e-02
9.867113606240711376e-02,4.965685838846040090e-02,5.426391120542366914e-02
9.912629540915310344e-02,5.333935181442153034e-02,5.121134516824683847e-02
9.872799902776471792e-02,5.783307505453597064e-02,4.773994397388021949e-02
9.814728053707889865e-02,6.199111361971274686e-02,4.347116227913235681e-02
9.668684957222875576e-02,6.527477977678498855e-02,3.707494931385262038e-02
9.511109911438785092e-02,6.860432763469814788e-02,3.145955375143962007e-02
9.234046166159255720e-02,6.905901215613953481e-02,2.552174674046631120e-02
9.138514846721779161e-02,7.256328149311275233e-02,2.042975399004953382e-02
9.021043691780976370e-02,7.577719533759307013e-02,1.509375701006963541e-02
8.940599236626158020e-02,7.777237644535234251e-02,9.200094365577109190e-03
8.884473606253653899e-02,7.920246603996253243e-02,4.165454180631139244e-03
8.817822352437554301e-02,8.147831711920532072e-02,-1.073149663872759087e-03
9.335719807098580292e-02,9.412708634036223709e-02,-1.103613932246434032e-02
9.253852609254173411e-02,9.568871756503187498e-02,-1.585478283174518790e-02
9.820600232533835405e-02,1.095998566638406724e-01,-2.322714471187784652e-02
9.922748007451778762e-02,1.137914938949133731e-01,-2.603561047054679667e-02
1.018501383796349691e-01,1.196535813458380754e-01,-2.805528702893542170e-02
1.041800363196466739e-01,1.232253979266652449e-01,-2.867517701871743693e-02
1.070923925535634119e-01,1.262813848122615601e-01,-2.921218499136999866e-02
1.103862095685405331e-01,1.297509014366657054e-01,-2.869782611196875985e-02
1.129142348113269384e-01,1.330916152739568259e-01,-2.770678399403550887e-02
1.152868798558942809e-01,1.356799600453421073e-01,-2.666143013263909400e-02
1.171982345395483627e-01,1.402094628788246866e-01,-2.495514588048347235e-02
1.181457134248643515e-01,1.433728103231270978e-01,-2.340744247579904652e-02
1.199171301274102042e-01,1.468115367781294145e-01,-2.077959902565531397e-02
1.208564550167599144e-01,1.552997899829935968e-01,-1.990447521983492937e-02
1.195412080833815477e-01,1.615199584633159047e-01,-2.657937235362697187e-02
1.193835647651609877e-01,1.663809219207079415e-01,-2.579164714210947090e-02
1.190502528647061353e-01,1.672837468728631261e-01,-2.444751778425899996e-02
1.183133018614298676e-01,1.664622915362283240e-01,-2.378448743475964147e-02
1.171522188020539396e-01,1.646632508535389172e-01,-2.193668281494658492e-02
1.184314883912992861e-01,1.564992352581252022e-01,-8.938518144117309563e-03
1.166061979498362322e-01,1.521369470584150729e-01,-7.806503635254927881e-03
1.151093224528338121e-01,1.488938957542917940e-01,-7.147132299037042141e-03
1.125439928670281670e-01,1.451444674931613166e-01,-6.290906963590171819e-03
1.117215517499145633e-01,1.438293954452310730e-01,-6.033627121110575302e-03
1.089000003200921579e-01,1.407933037869581183e-01,-5.805872594375410985e-03
1.062042085521309326e-01,1.377796970192259884e-01,-4.877289198966709358e-03
1.031968266950325924e-01,1.375809341829454802e-01,-1.448062248267547279e-02
1.015025703514956246e-01,1.352921513124315800e-01,-1.372854444499490775e-02
1.010265781508972865e-01,1.346988673952339843e-01,-1.277770781284091536e-02
8.567792686311803685e-02,1.068816610159656205e-01,-5.371052865796661219e-03
8.814146669148736901e-02,9.140142145713735233e-02,8.525000169777252612e-03
8.716419650160528443e-02,9.084112142159204983e-02,9.195314907409725055e-03
9.350580139021562320e-02,1.020963249157775532e-01,7.781201480623996074e-03
8.940356095446055917e-02,9.999416351521286939e-02,4.339937027587937451e-03
8.720170600138271721e-02,1.009999297340527652e-01,4.524821848684226246e-03
8.479359240777584183e-02,1.180770035377042837e-01,5.218108875868988829e-04
8.109962670874337753e-02,1.214398209822517005e-01,3.818123321030237206e-04
8.003534023549879750e-02,1.265974997977015459e-01,1.110141531779010727e-04
7.737465719514929896e-02,1.303588268321175248e-01,-3.396732326436798047e-05
7.396672161203246554e-02,1.336147967535225300e-01,-6.288879050023949758e-05
6.470074083263396836e-02,1.238248076402284348e-01,5.568849173154205232e-03
6.231983026162982164e-02,1.281715546801584227e-01,5.114282214349708498e-03
5.914500751648486127e-02,1.319556031563258180e-01,4.832092588326677811e-03
5.442526107268456231e-02,1.327130011835652712e-01,5.990434110969663356e-03
5.347498626109892239e-02,1.373487449818673045e-01,6.683853821017370425e-03
5.296861214320608413e-02,1.391179701040143601e-01,7.545634375392713290e-03
5.257426575389721746e-02,1.415199146517188700e-01,8.006298005696198955e-03
5.309353556288588794e-02,1.432308938938243181e-01,8.951944072312926354e-03
5.340231943899910461e-02,1.437280508078552510e-01,1.038668279799270268e-02
5.992866048766997550e-02,1.588028198184960604e-01,8.026369952092392984e-03
5.424208312406034183e-02,1.440307191939589615e-01,1.226440871630736333e-02
6.237153337794081737e-02,1.573545228615527147e-01,1.027965230579980065e-02
6.485812984289551775e-02,1.579874207869194358e-01,1.127055054211264194e-02
6.888185818103859104e-02,1.586674026665393367e-01,1.160247561340281043e-02
7.218121896280542404e-02,1.574148615698633680e-01,1.276887153840773267e-02
7.620855298099875330e-02,1.574889978774331734e-01,1.328885189009112490e-02
7.944678116781188348e-02,1.564868523013624446e-01,1.386940895574467758e-02
8.268311435704399359e-02,1.540801849990686423e-01,1.425174099365588212e-02
8.509991669609391629e-02,1.519790496236605448e-01,1.499335708821204587e-02
8.845010531742511506e-02,1.504571319795318385e-01,1.531335770012381102e-02
9.035288879405901918e-02,1.484276798085128191e-01,1.554996395452635898e-02
9.227700235039060228e-02,1.438712630776103618e-01,1.576737023907133842e-02
9.242705358863526066e-02,1.395614341823035454e-01,1.591666191323354990e-02
9.379922392486582383e-02,1.375927023154366602e-01,1.593701138922395955e-02
9.630787773591063805e-02,1.386794328525186026e-01,1.585998964053139670e-02
1.001332686406019162e-01,1.407618991973307865e-01,1.560955339419277561e-02
1.018677757027964120e-01,1.409692461781751338e-01,1.534794791249663795e-02
1.014250163848132713e-01,1.405446384640578472e-01,1.431482690438935432e-02
1.014577306306432003e-01,1.406745225437178171e-01,1.372946076901280371e-02
1.014629373278633645e-01,1.413911289373941671e-01,1.225999692538442230e-02
1.000965198585381799e-01,1.412786196952520168e-01,1.087092039121491556e-02
1.000438363122244101e-01,1.413168084685786641e-01,9.911113817051429159e-03
1.000737973310378420e-01,1.414314099446679074e-01,8.966376732072215208e-03
1.007501770015360315e-01,1.410791414271255484e-01,8.676002959892655311e-03
1.047154576847304369e-01,1.413568758147839555e-01,6.711950307086242233e-03
1.081682930795201530e-01,1.371777145075506743e-01,7.046609985095695673e-03
1.126341219252210840e-01,1.321743679037215291e-01,7.972693552557683083e-03
1.162497324612970229e-01,1.264773580661811558e-01,8.944253118375187356e-03
1.204685896806869383e-01,1.204965818314694403e-01,1.061665825447793803e-02
1.234926379343712910e-01,1.129838768125728532e-01,1.276574688042901584e-02
1.262191652341775050e-01,1.057604287770843171e-01,1.625146294604247824e-02
1.267008702766000694e-01,9.700305695564324926e-02,1.924657313900985864e-02
1.252066354562358930e-01,8.649833364743785002e-02,2.182031840571502929e-02
1.227161824569057286e-01,7.723067270697028808e-02,2.465872511980668827e-02
1.203440208628217267e-01,6.834933047876202983e-02,2.781838604381285662e-02
1.176676689821438693e-01,6.135952869067837906e-02,3.057961387614953341e-02
1.145117610630034533e-01,5.670107282862138498e-02,3.324589331256067037e-02
1.112781845809170805e-01,5.189397530055895463e-02,3.728919943611168353e-02
1.074133815073535364e-01,4.926905197630131183e-02,4.008599300864645887e-02
1.031495843508518501e-01,4.672247248131117942e-02,4.263153062528068221e-02
1.007002460560265794e-01,4.573110072223020295e-02,4.532452188018238487e-02
9.894511501123634534e-02,4.432873989749196164e-02,4.746232532304901081e-02
9.784272213557955455e-02,4.348721316562466355e-02,4.968117105068989292e-02
9.585099518442635746e-02,4.188619641497121071e-02,5.154787829087217194e-02
9.434959210259495632e-02,3.870996047943272428e-02,5.320718917281185012e-02
9.398085809285573744e-02,3.773669756707820344e-02,5.507368556588946445e-02
9.238761774146052319e-02,3.593400310509006074e-02,5.619734944120735598e-02
9.156593090823884895e-02,3.411263064376586496e-02,5.624679070150251370e-02
9.112964229189464416e-02,3.256502688245672961e-02,5.624276785412661572e-02
9.036201557345242830e-02,2.971359379999099354e-02,5.628596368184383275e-02
8.923389927830861768e-02,2.620678856638792437e-02,5.616946700621618105e-02
8.838275814098738026e-02,2.284635168109961506e-02,5.621971439862812753e-02
8.803170941537367955e-02,1.908524284590608355e-02,5.622986440001683656e-02
8.758686064887181988e-02,1.573911915712488882e-02,5.623328567995729277e-02
8.736905810272736772e-02,1.126374555203910575e-02,5.610758252285842629e-02
8.712795252139961255e-02,5.890915335357330487e-03,5.591943118356990788e-02
8.718028236685207433e-02,2.079522448262394099e-03,5.578489615487720876e-02
8.740122760853218098e-02,-8.395474788745202824e-04,5.574102518000058348e-02
8.741367609786436510e-02,-1.452193948469213168e-03,5.571350736348421040e-02
8.911310467583910544e-02,-3.674202620561510275e-03,5.571799340211511936e-02
9.030512577555760423e-02,-5.156900146366134342e-03,5.565001218232702718e-02
9.869392260185273769e-02,-4.862005605624109971e-04,5.588200718811899004e-02
9.927337154796002372e-02,-1.531832263944294488e-03,5.576053655412455123e-02
1.015908427519664758e-01,-3.114044991548256102e-03,5.558604247359728162e-02
9.786684107836506052e-02,-1.074958717286379414e-02,5.549851912617612820e-02
9.992432475450392648e-02,-1.213079766352901864e-02,5.530901472046304695e-02
1.015019169505264884e-01,-1.233320278565397041e-02,5.462209407894523527e-02
1.034429977265345357e-01,-1.140940717120404908e-02,5.381766381781923764e-02
1.072223127962102229e-01,-9.930108413822571686e-03,5.299877635773077994e-02
1.103875609656978368e-01,-8.221664318271064073e-03,5.237756570404161760e-02
1.122442652244077799e-01,-6.290710508426155916e-03,5.182817159315913219e-02
1.153681735864612590e-01,-2.812231913773238171e-03,5.092243088760347453e-02
1.184114745793200113e-01,8.678214930723291256e-04,4.893363776863931397e-02
1.204537604828651298e-01,4.981564818094844430e-03,4.757723393900533532e-02
1.222413188927233274e-01,1.145221696079862586e-02,4.618169313650943159e-02
1.240337769372766297e-01,1.851859555074949690e-02,4.448899592856846857e-02
1.259038518683721075e-01,2.682316761392383730e-02,4.273505289231566834e-02
1.260728115077160427e-01,3.569169093259165482e-02,4.110577008432761414e-02
1.247740723867106355e-01,4.584370499320434417e-02,3.882830472692972573e-02
1.234214569616502027e-01,5.581188788633408004e-02,3.588693363822002130e-02
1.212897575425372076e-01,6.508035909705515987e-02,3.275291710625443525e-02
1.197282193683234797e-01,7.661226684262113784e-02,2.912929705184284790e-02
1.169390133120153663e-01,9.083998891686370647e-02,2.504293916211996346e-02
1.051543813722952553e-01,8.621075361237522106e-02,2.196069816729979626e-02
1.011781656178464828e-01,9.461451593441126684e-02,1.861759023145994132e-02
1.182631899816368598e-01,1.303091594435695777e-01,8.516016460765458290e-03
1.195922611370816568e-01,1.423284383988563107e-01,1.138193329328570291e-03
1.201595902957662138e-01,1.551515349164005464e-01,-6.039094556761797315e-03
1.172199606016101903e-01,1.649898810211649636e-01,-1.246692006415523954e-02
1.185152127025118629e-01,1.740370869252761410e-01,-1.650068038790788658e-02
1.065681608820812365e-01,1.742610888001480673e-01,-2.407554936199634427e-02
