-0.2526 -0.1528 1.6347
-0.2521 -0.1319 1.6174
-0.7033 -0.6899 1.5404
-0.7197 -0.7156 1.5399
-0.7239 -0.6986 1.5449
-0.7236 -0.6724 1.5423
-0.7038 -0.6824 1.5248
-0.6721 -0.6983 1.4959
-0.6445 -0.6926 1.4944
-0.6214 -0.6721 1.4914
-0.6067 -0.6618 1.5000
-0.2377 -0.2651 1.6745
-0.2845 -0.1398 1.6107
-0.4655 -0.5074 1.6304
-0.5886 -0.7016 1.5564
-0.6312 -0.7639 1.5184
-0.6614 -0.8165 1.4917
-0.6783 -0.8605 1.4662
-0.6923 -0.8902 1.4423
-0.6863 -0.9084 1.4421
-0.6784 -0.9119 1.4431
-0.6712 -0.8846 1.4599
-0.6813 -0.8696 1.4544
-0.4845 -0.4528 1.5358
-0.6770 -0.8438 1.4701
-0.6636 -0.7977 1.4910
-0.6364 -0.7055 1.5348
-0.5716 -0.5772 1.6007
-0.5052 -0.4702 1.6383
-0.4589 -0.4017 1.6734
-0.4521 -0.3627 1.7065
-0.4545 -0.3314 1.7147
-0.4683 -0.2992 1.7055
-0.4826 -0.2826 1.6963
-0.5897 -0.5789 1.5650
-0.4961 -0.2744 1.6931
-0.5396 -0.2872 1.6898
-0.6122 -0.3707 1.6946
-0.6330 -0.4414 1.7156
-0.6295 -0.5027 1.7488
-0.6172 -0.6082 1.7954
-0.6267 -0.6822 1.8117
-0.6320 -0.6898 1.8081
-0.6801 -0.7167 1.7461
-0.7368 -0.7433 1.6891
-0.5943 -0.5978 1.5780
-0.1832 0.0472 1.5274
-0.2334 -0.0114 1.5135
-0.2620 -0.0441 1.5109
-0.2940 -0.0805 1.5152
-0.3274 -0.1401 1.5140
-0.3500 -0.2094 1.5245
-0.3396 -0.2343 1.5459
-0.3182 -0.2267 1.5488
-0.2902 -0.2211 1.5500
-0.6142 -0.6145 1.5694
-0.6443 -0.6321 1.5677
-0.6579 -0.6480 1.5553
-0.6795 -0.6564 1.5519
