-2.5185 -5.9929 23.5115
-3.0173 -6.1654 23.3002
-1.0937 -5.6737 26.1419
-0.6096 -5.5156 26.8422
-0.9241 -5.7608 27.2450
-1.2252 -5.9576 27.1804
-0.7170 -5.9406 26.2128
0.0017 -5.9401 24.5875
0.4884 -5.9959 22.8488
0.5933 -6.2183 21.2211
0.7415 -6.2532 20.0289
0.8887 -3.3476 16.4596
-3.1783 -6.3933 23.0547
1.6787 -3.3513 18.4349
1.7397 -3.4276 19.6095
1.4361 -3.5721 19.7505
1.2079 -3.4667 19.7923
1.1862 -3.1706 19.8689
1.2912 -2.9955 19.9973
1.6561 -2.8768 20.1094
2.1947 -2.8338 20.3840
2.8937 -2.8842 20.7097
3.4994 -2.9174 20.9913
-2.7656 -6.5377 24.1739
4.0198 -2.7362 20.9435
4.3859 -2.6270 20.5646
4.6961 -2.4915 19.9327
5.0215 -2.2848 19.0385
5.3960 -2.1448 18.4029
5.9476 -2.0286 18.1146
6.5429 -1.9769 18.1625
6.9755 -2.4387 18.2261
7.1057 -3.3991 18.2452
7.0709 -4.2002 18.3405
-2.3632 -6.0334 24.5101
6.9268 -4.7506 18.5172
6.6329 -5.0292 18.8946
6.1441 -4.6692 19.4711
5.5026 -3.8874 19.5948
5.1848 -2.9811 19.5801
5.3698 -1.8567 19.6627
5.6046 -1.2138 19.8603
5.5394 -1.1176 19.7271
5.2116 -1.5457 19.8823
4.9416 -1.8050 20.1397
-2.4904 -5.5933 23.9930
-4.2100 -8.9016 23.9759
-2.1114 -9.2475 24.7523
-0.6936 -9.3005 25.0345
0.5706 -9.2495 25.1933
1.8029 -9.0078 25.2852
2.9818 -8.4169 25.3619
3.4508 -7.6984 25.2334
3.0602 -7.4474 24.9713
2.5615 -7.1289 24.7984
-2.5253 -5.6096 24.0532
-2.1350 -5.6998 24.5372
-1.8280 -5.8307 24.9273
-1.5838 -5.8446 25.4275
