141
146
147
148
149
150
151
152
154
156
157
159
160
165
171
172
288
311
363
366
367
368
369
370
371
372
373
374
375
376
377
378
379
380
381
382
402
414
441
472
474
475
476
481
482
483
486
488
490
491
492
493
494
496
498
505
545
548
557
583
603
605
615
616
617
618
619
620
621
622
623
624
625
626
627
628
629
630
631
632
634
635
636
637
684
686
687
689
693
694
695
696
697
699
700
702
705
707
708
725
726
727
728
729
731
738
739
740
741
815
817
819
821
824
825
826
827
828
829
830
831
832
1144
1145
1147
1148
1159
1160
1161
1162
1177
1178
1180
1181
1182
1183
1184
1187
1293
1294
1335
1344
1345
1346
1364
1370
1379
1382
1383
1384
1385
1386
1388
1398
1414
1415
1416
1417
1420
1421
1422
1423
1424
1425
1426
1431
1432
1438
1441
1442
1443
1444
1445
1446
1447
1448
1449
1450
1451
1452
1453
1454
1455
1466
1467
1477
1479
1480
1481
1483
1488
1489
1498
1499
1503
1506
1507
1508
1677
1678
1679
1688
1691
1705
1708
1710
1711
1712
1713
1853
1881
2036
2048
2049
2050
2051
2052
2053
2055
2056
2057
2072
2083
2186
2187
2188
2191
2192
2209
2211
2257
2262
2263
2264
2265
2323
2324
2325
2326
2327
2329
2331
2333
2336
2337
2340
2341
2402
2584
2587
2588
2589
2590
2591
2592
2593
2603
2605
2606
2609
2610
2611
2612
2613
2615
2616
2617
2618
2647
2648
2649
2650
2659
2666
2668
2669
2683
2926
2927
