3.740096557617187614e+02 4.511447628919581803e+02 2.090484420776367358e+02 3.801359521651023670e+02 9.081176892089844159e+02 7.730970056278189304e+02 2.772569091796875114e+02 2.310308443082796259e+00
3.740130065917969091e+02 4.511447628919581803e+02 2.090484832763671932e+02 3.801359521651023670e+02 9.085650646972657114e+02 7.731045311996616647e+02 3.010559521484375409e+02 2.310308443082796259e+00
3.740130065917969091e+02 4.511447628919581803e+02 2.090499938964843807e+02 3.801419190286369485e+02 9.086088208007813591e+02 7.731053491966010824e+02 3.010741357421875364e+02 2.348499965000819589e+00
3.740096557617187614e+02 4.511447628919581803e+02 2.090499938964843807e+02 3.801419190286369485e+02 9.086088208007813591e+02 7.731045311996616647e+02 3.010961816406250477e+02 2.348499965000819589e+00
3.739905395507812500e+02 4.511514721763011835e+02 2.090782012939453125e+02 3.801419190286369485e+02 9.085650646972657114e+02 7.731045311996616647e+02 3.011027441406250205e+02 2.348499965000819589e+00
3.739761199951171875e+02 4.512135880506079388e+02 2.091000503540039119e+02 3.802475902570392350e+02 9.086088208007813591e+02 7.730680485361629053e+02 3.011335742187500273e+02 2.349246898731151667e+00
3.739690338134765852e+02 4.512835130919368680e+02 2.091139480590820483e+02 3.803283766398250805e+02 9.086134826660156705e+02 7.730290300821519622e+02 3.011335742187500273e+02 2.353504420994044999e+00
3.739684020996093636e+02 4.513994957204564571e+02 2.091389282226562614e+02 3.803405303434300322e+02 9.087288024902344432e+02 7.729706251006764433e+02 3.010961816406250477e+02 2.353504420994044999e+00
3.739690338134765852e+02 4.514761025490614088e+02 2.091389282226562614e+02 3.803692097842896374e+02 9.087288024902344432e+02 7.729706251006764433e+02 3.010014697265625045e+02 2.353504420994044999e+00
3.739690338134765852e+02 4.514810245240507811e+02 2.095500228881836051e+02 3.803756715950298712e+02 9.087288024902344432e+02 7.720635482945392596e+02 3.009232666015625455e+02 2.330327867627977501e+00
3.739973236083984602e+02 4.514952955018131320e+02 2.097498641967773381e+02 3.805459334337670612e+02 9.087288024902344432e+02 7.718448977126288355e+02 3.008549755859375523e+02 2.327060299319820835e+00
3.739989166259765625e+02 4.514810245240507811e+02 2.097803237915039176e+02 3.805714507119240579e+02 9.087288024902344432e+02 7.707835466837144622e+02 3.008549755859375523e+02 2.279899437110740834e+00
3.740021850585937386e+02 4.514761025490614088e+02 2.099403945922851733e+02 3.808357800167981964e+02 9.087171069335937545e+02 7.692725427371939304e+02 3.008308105468750568e+02 2.279899437110740834e+00
3.740478881835937841e+02 4.513912466003625923e+02 2.099783660888672046e+02 3.811218045075191867e+02 9.087171069335937545e+02 7.691694751228253608e+02 3.008308105468750568e+02 2.279899437110740834e+00
3.741677490234375227e+02 4.513333652743706921e+02 2.099880340576171989e+02 3.811263415235708294e+02 9.087459777832032159e+02 7.691630947466977659e+02 3.007633398437500318e+02 2.359527641243034601e+00
3.742332275390625114e+02 4.513333652743706921e+02 2.099908218383789062e+02 3.811263415235708294e+02 9.087171069335937545e+02 7.691630947466977659e+02 3.006562207031250296e+02 2.365537790151742925e+00
3.743406463623047102e+02 4.513333652743706921e+02 2.100303588867187443e+02 3.811263415235708294e+02 9.086943701171875318e+02 7.691694751228253608e+02 3.006107617187500409e+02 2.392865160962085014e+00
3.747618347167968977e+02 4.516308560420221738e+02 2.102182250976562443e+02 3.808604173888118680e+02 9.085449450683594250e+02 7.691694751228253608e+02 3.000704833984375455e+02 2.459279040356616264e+00
3.747618347167968977e+02 4.516539260812180032e+02 2.102182250976562443e+02 3.808504909476322382e+02 9.084878576660156568e+02 7.691000271826674179e+02 3.000704833984375455e+02 2.459279040356616264e+00
3.747790832519531250e+02 4.516539260812180032e+02 2.102182250976562443e+02 3.808504909476322382e+02 9.084878576660156568e+02 7.691000271826674179e+02 3.000704833984375455e+02 2.459279040356616264e+00
3.747618347167968977e+02 4.516539260812180032e+02 2.101735794067382983e+02 3.808504909476322382e+02 9.085449450683594250e+02 7.690029309459567912e+02 3.000819335937500227e+02 2.409751732032615834e+00
3.747516174316406250e+02 4.515442402810366502e+02 2.101002319335937614e+02 3.808935513545221738e+02 9.087547290039062773e+02 7.687572864650450128e+02 3.001460546875000546e+02 2.386242793156550857e+00
3.747113800048828125e+02 4.515409406329991384e+02 2.101002319335937614e+02 3.809327071779010225e+02 9.087547290039062773e+02 7.687561412693298735e+02 3.002676318359375500e+02 2.374142733487216272e+00
3.746650177001953352e+02 4.514167088843856277e+02 2.101011795043945369e+02 3.809327071779010225e+02 9.087547290039062773e+02 7.685021532196359431e+02 3.002676318359375500e+02 2.362454821179797104e+00
3.746444183349609602e+02 4.514167088843856277e+02 2.101085266113281307e+02 3.809327071779010225e+02 9.086694250488282023e+02 7.683988402061854686e+02 3.002941210937500500e+02 2.354787813199983759e+00
3.741916168212890739e+02 4.507574392064846052e+02 2.101085266113281307e+02 3.809154115227709099e+02 9.086452978515625318e+02 7.683226846911243229e+02 3.007107714843750159e+02 2.344879470505080832e+00
3.741916168212890739e+02 4.507574392064846052e+02 2.101121658325195369e+02 3.809127168102069163e+02 9.084843408203125819e+02 7.682102919116462090e+02 3.008420898437500455e+02 2.344879470505080832e+00
3.746181610107421989e+02 4.514167088843856277e+02 2.101197601318359318e+02 3.809025978895584217e+02 9.084843408203125819e+02 7.682102919116462090e+02 3.008420898437500455e+02 2.327883526995465857e+00
3.746181610107421989e+02 4.514531150010665215e+02 2.101258712768554631e+02 3.809127168102069163e+02 9.084843408203125819e+02 7.683226846911243229e+02 3.009142773437500296e+02 2.319953224875710429e+00
3.741916168212890739e+02 4.507574392064846052e+02 2.101258712768554631e+02 3.809025978895584217e+02 9.090584045410156477e+02 7.684774497120649812e+02 3.009142773437500296e+02 2.303142414226398760e+00
3.746014617919922216e+02 4.513475537609321577e+02 2.101505493164062557e+02 3.809025978895584217e+02 9.090584045410156477e+02 7.684774497120649812e+02 3.009557031250000136e+02 2.303142414226398760e+00
3.746181610107421989e+02 4.513863796195072382e+02 2.101617965698242188e+02 3.809295175181313766e+02 9.090584045410156477e+02 7.684774497120649812e+02 3.009571728515625182e+02 2.277697049654447081e+00
3.746014617919922216e+02 4.513475537609321577e+02 2.101715057373046989e+02 3.810352437406676245e+02 9.090584045410156477e+02 7.672363029558633798e+02 3.010301806640625273e+02 2.277697049654447081e+00
3.741715118408203011e+02 4.506804749160089614e+02 2.102313674926757869e+02 3.810352437406676245e+02 9.092150268554687500e+02 7.672194522189109875e+02 3.010301806640625273e+02 2.303142414226398760e+00
3.746014617919922216e+02 4.512388303580951288e+02 2.104430053710937614e+02 3.810354637172034700e+02 9.092150268554687500e+02 7.666201876610824684e+02 3.010301806640625273e+02 2.306082665503442097e+00
3.746242034912109489e+02 4.511470176514504828e+02 2.104430053710937614e+02 3.810354637172034700e+02 9.094846789550781523e+02 7.665229278249838671e+02 3.011045214843750273e+02 2.234420242843094595e+00
3.741702758789062386e+02 4.506079376533169807e+02 2.105297286987304801e+02 3.810343088403903380e+02 9.096389294433594159e+02 7.662152791760630635e+02 3.010429638671875523e+02 2.300757828292313345e+00
3.741952423095703466e+02 4.505575630266104667e+02 2.106222061157226619e+02 3.809420836777410386e+02 9.096389294433594159e+02 7.659076305271423735e+02 3.010429638671875523e+02 2.300757828292313345e+00
3.746258789062500227e+02 4.507795743454031481e+02 2.108452011108398381e+02 3.809420836777410386e+02 9.097042773437500500e+02 7.655382231092944494e+02 3.010725976562500250e+02 2.259626588621339582e+00
3.746743286132812614e+02 4.507795743454031481e+02 2.117626556396484432e+02 3.809420836777410386e+02 9.097042773437500500e+02 7.635465641611629053e+02 3.010725976562500250e+02 2.259626588621339582e+00
3.754670471191406591e+02 4.507795743454031481e+02 2.139908889770507869e+02 3.813443382705844442e+02 9.097042773437500500e+02 7.617887705380154557e+02 3.010725976562500250e+02 2.300757828292313345e+00
3.758024871826171989e+02 4.524727887358681642e+02 2.164470748901367188e+02 3.829678475962563766e+02 9.100562072753906477e+02 7.564461053278027975e+02 3.011461523437500318e+02 2.308934885305124585e+00
3.765991882324219091e+02 4.552893133065805955e+02 2.183615249633789119e+02 3.849613574552047908e+02 9.120716870117188364e+02 7.435049029478092280e+02 5.771670898437500909e+02 6.960378878933566966e+02
3.791325531005859375e+02 4.557862677981015054e+02 2.243021209716796989e+02 3.895625791582231159e+02 9.172275463867188137e+02 7.272854142336500445e+02 5.771670898437500909e+02 6.997416548295454959e+02
3.827411499023437500e+02 4.585828844923208294e+02 2.310402008056640568e+02 3.962113974509385343e+02 9.293313842773437727e+02 7.212651203588111457e+02 5.783394531250000909e+02 7.036704408872377599e+02
3.853150543212890966e+02 4.601595113187926245e+02 2.391710723876953182e+02 3.984341778543621899e+02 9.335702465820313591e+02 7.105998308634019622e+02 5.783394531250000909e+02 7.085372732736014996e+02
3.892220397949218977e+02 4.651908146464376728e+02 2.476649597167968864e+02 4.019285326231868680e+02 9.359742150878906841e+02 7.094327946299130190e+02 5.799832226562500637e+02 7.124886636800699762e+02
3.950930786132812500e+02 4.701422664915742189e+02 2.591961273193359716e+02 4.109247755239441062e+02 9.392654919433593932e+02 6.595841020407135602e+02 5.831822363281251000e+02 7.176099486451049643e+02
4.000126190185546875e+02 4.724112144704564571e+02 2.696137207031250114e+02 4.145350579271544120e+02 9.450116906738281841e+02 6.514661368143927120e+02 5.835837109375000864e+02 7.237975988854896059e+02
4.022427612304687727e+02 4.736558417102175440e+02 2.751522033691406364e+02 4.165391266598229549e+02 9.476002526855469341e+02 6.281489704564673957e+02 5.835837109375000864e+02 7.274764395760489606e+02
4.052083557128906364e+02 4.756957941152943476e+02 2.918866607666015511e+02 4.230379209550981159e+02 9.545623803710938091e+02 6.079102537804042186e+02 5.831822363281251000e+02 7.334302611451049643e+02
4.087435638427734261e+02 4.763751366520904185e+02 2.987287536621093977e+02 4.246274439059833412e+02 9.597390954589844796e+02 5.959038583027947880e+02 5.822113964843750864e+02 7.372930097246504602e+02
4.094437774658203466e+02 4.791544301941125923e+02 3.030946380615234261e+02 4.257971416382252414e+02 9.613233117675781614e+02 5.864795928640463671e+02 5.780124218750000864e+02 7.422279283216784052e+02
4.094437774658203466e+02 4.801561483441765859e+02 3.042708068847656477e+02 4.293205333097802736e+02 9.630354431152344432e+02 5.757411335424048957e+02 5.734786230468751000e+02 7.442722219187063502e+02
4.094437774658203466e+02 4.819088113934513444e+02 3.042708068847656477e+02 4.308235229908809742e+02 9.660061962890625864e+02 5.700838667092863261e+02 5.705439892578125409e+02 7.466480004370630468e+02
4.068362274169921875e+02 4.851291028956911191e+02 3.043882232666015852e+02 4.333657643184726567e+02 9.692560070800782341e+02 5.698464430976159747e+02 5.673854785156250955e+02 7.480038516171329093e+02
4.051994842529297216e+02 4.867580291435580193e+02 3.042708068847656477e+02 4.357588065606335022e+02 9.702666503906250455e+02 5.696445205531168767e+02 5.635413232421875591e+02 7.534365439248252869e+02
4.047459411621093750e+02 4.868086787409342833e+02 3.042224395751953239e+02 4.389169821885665215e+02 9.716131115722656659e+02 5.696445205531168767e+02 5.604359960937500773e+02 7.545399229676573896e+02
4.018714782714843636e+02 4.877896091083617307e+02 3.012102355957031250e+02 4.396904746827004828e+02 9.741057373046875227e+02 5.696445205531168767e+02 5.565414941406251046e+02 7.568305425043706691e+02
4.007588378906249886e+02 4.883190926301194281e+02 2.989326049804687386e+02 4.409934506985921416e+02 9.775151965332031523e+02 5.706572416639819494e+02 5.546877587890625136e+02 7.583339024256993071e+02
4.005982452392578352e+02 4.892274307407209903e+02 2.984255310058593977e+02 4.428803269317939453e+02 9.790896801757812682e+02 5.706572416639819494e+02 5.539345751953125045e+02 7.597555179195804840e+02
4.002504730224609375e+02 4.897993697338950483e+02 2.983513732910156477e+02 4.439880737721309742e+02 9.795462976074219341e+02 5.706572416639819494e+02 5.539345751953125045e+02 7.610691652097902988e+02
4.002504730224609375e+02 4.899113927847695891e+02 2.983048736572265511e+02 4.442511657089910386e+02 9.795704248046876046e+02 5.686989978908262628e+02 5.538700781250000773e+02 7.614628633085665115e+02
4.002504730224609375e+02 4.912687579991467146e+02 2.983513732910156477e+02 4.444453499960004024e+02 9.832755444335938364e+02 5.665167865556539937e+02 5.538700781250000773e+02 7.614778190559441100e+02
4.004090606689453011e+02 4.918926664489121094e+02 2.984255310058593977e+02 4.448958069472589614e+02 9.833388476562500955e+02 5.664706515282699684e+02 5.539281835937500773e+02 7.614778190559441100e+02
4.004660247802734716e+02 4.919483205124786309e+02 2.986444061279296989e+02 4.456077610054927050e+02 9.862124377441406295e+02 5.661713055482844084e+02 5.541815234375000045e+02 7.614689412150349881e+02
4.007272247314453466e+02 4.920289419128625923e+02 2.988136230468750227e+02 4.457928987574658777e+02 9.867644189453125136e+02 5.655328180372100633e+02 5.541815234375000045e+02 7.614689412150349881e+02
4.008381042480468750e+02 4.920289419128625923e+02 2.988136230468750227e+02 4.458249603375639936e+02 9.880582092285156932e+02 5.653227155233166741e+02 5.542376806640625091e+02 7.614762483610140862e+02
4.008415100097656136e+02 4.920289419128625923e+02 2.988136230468750227e+02 4.458271051087883734e+02 9.881439221191407114e+02 5.653227155233166741e+02 5.543827392578125455e+02 7.614689412150349881e+02
4.009003143310546875e+02 4.924963370573805150e+02 2.987874481201171761e+02 4.458296073418835022e+02 9.883564868164063455e+02 5.653227155233166741e+02 5.543834570312500318e+02 7.614689412150349881e+02
4.009773284912109261e+02 4.925990111054820773e+02 2.987721771240234716e+02 4.458249603375639936e+02 9.885581738281250637e+02 5.658785853435083482e+02 5.546305078125000136e+02 7.614350688374125866e+02
4.009789215087890852e+02 4.926488357908489775e+02 2.987648437500000114e+02 4.458296073418835022e+02 9.887442395019531887e+02 5.659042704474064749e+02 5.548817626953125455e+02 7.614096645541958424e+02
4.010894439697265739e+02 4.926488357908489775e+02 2.986502288818359716e+02 4.458360416555566985e+02 9.887442395019531887e+02 5.659902419257409747e+02 5.550724853515625909e+02 7.614065231643356810e+02
4.011586303710937500e+02 4.926488357908489775e+02 2.986166381835937500e+02 4.458961502439739775e+02 9.907316662597656887e+02 5.660430845280283165e+02 5.551989160156250591e+02 7.614008550043706691e+02
4.011771423339843636e+02 4.926901913795861674e+02 2.986124633789062841e+02 4.459589260478882125e+02 9.910545617675782069e+02 5.661297922036081900e+02 5.553743945312500045e+02 7.614008550043706691e+02
4.012444335937499886e+02 4.928354308873720129e+02 2.985701110839843864e+02 4.460732038582551127e+02 9.919207690429688000e+02 5.663325327450467057e+02 5.555399951171875728e+02 7.612506829108392594e+02
4.012722564697265852e+02 4.929475639265144764e+02 2.985280883789062614e+02 4.463233996707018036e+02 9.919207690429688000e+02 5.665045166015625000e+02 5.555399951171875728e+02 7.612431026005244803e+02
4.012775573730468750e+02 4.929503686273463927e+02 2.985081481933593750e+02 4.463689348136198873e+02 9.919207690429688000e+02 5.668456213253060696e+02 5.555399951171875728e+02 7.610600824956294446e+02
4.012927185058593977e+02 4.931932777170434861e+02 2.983807617187500227e+02 4.467570284169688648e+02 9.918823291015625045e+02 5.673731884513932755e+02 5.555399951171875728e+02 7.610197907561189368e+02
4.012995025634765511e+02 4.932123056873933251e+02 2.983718353271484602e+02 4.467728117334150966e+02 9.917987426757813409e+02 5.675574831618475855e+02 5.555176074218750273e+02 7.610197907561189368e+02
4.013087860107422102e+02 4.932123056873933251e+02 2.975724151611328239e+02 4.483916465577004828e+02 9.917444360351563546e+02 5.675574831618475855e+02 5.555176074218750273e+02 7.610006692526224015e+02
4.013073577880859375e+02 4.932146154410195891e+02 2.975884277343749886e+02 4.489855832044581803e+02 9.917444360351563546e+02 5.675574831618475855e+02 5.555903759765625409e+02 7.609891963505244803e+02
4.013073577880859375e+02 4.931965223709470933e+02 2.975884277343749886e+02 4.489874805020797908e+02 9.915312170410156796e+02 5.674967059892477437e+02 5.556030908203125591e+02 7.609693919361889130e+02
4.013073577880859375e+02 4.932146154410195891e+02 2.975884277343749886e+02 4.490217693446032285e+02 9.914569543457031386e+02 5.674923297056217280e+02 5.557910791015625591e+02 7.609693919361889130e+02
4.012542388916015739e+02 4.932300687926621094e+02 2.976004028320312500e+02 4.490217693446032285e+02 9.914446044921875227e+02 5.674037406370811141e+02 5.558060156250001000e+02 7.609693919361889130e+02
4.010908172607421989e+02 4.933430817379479549e+02 2.976168823242187500e+02 4.490046936660089614e+02 9.913790930175781568e+02 5.674923297056217280e+02 5.558105273437500955e+02 7.611485877403846416e+02
4.010781555175781250e+02 4.934303024344069968e+02 2.976375640869140966e+02 4.490046936660089614e+02 9.913154626464844341e+02 5.674923297056217280e+02 5.558141845703125909e+02 7.611797284746504602e+02
4.010780181884765625e+02 4.934992100842576406e+02 2.976449249267578239e+02 4.489323763798528262e+02 9.913098193359375045e+02 5.674923297056217280e+02 5.558159960937500728e+02 7.611797284746504602e+02
4.010774414062499886e+02 4.935081741280930032e+02 2.976781860351562727e+02 4.489323763798528262e+02 9.911468994140625455e+02 5.675140884242106267e+02 5.558469628906250364e+02 7.611797284746504602e+02
4.010774414062499886e+02 4.935175231308660386e+02 2.976874145507812841e+02 4.489323763798528262e+02 9.908169702148437636e+02 5.676985058342057755e+02 5.558469628906250364e+02 7.611771334134615472e+02
4.010774414062499886e+02 4.935175231308660386e+02 2.976875518798828466e+02 4.489343561686753219e+02 9.907790209960937773e+02 5.677030048173727437e+02 5.558469628906250364e+02 7.611176518793706691e+02
4.010774414062499886e+02 4.935175231308660386e+02 2.976875518798828466e+02 4.489558588750533090e+02 9.906851293945312591e+02 5.677030048173727437e+02 5.557644873046875773e+02 7.610833697552448029e+02
4.010914489746093636e+02 4.934910159582977940e+02 2.976935119628906250e+02 4.490054635838843637e+02 9.906292687988282069e+02 5.677030048173727437e+02 5.557447314453125955e+02 7.609538215690560037e+02
4.010939758300781364e+02 4.933723386172141545e+02 2.977448455810546761e+02 4.493321562366680837e+02 9.906264880371094250e+02 5.676329842793572880e+02 5.557447314453125955e+02 7.608288488854896059e+02
4.010967498779297102e+02 4.932859428327644764e+02 2.977736022949218864e+02 4.496717725109321577e+02 9.906292687988282069e+02 5.675912664354461867e+02 5.557644873046875773e+02 7.607178075830420312e+02
4.010967773437500341e+02 4.931051771144411191e+02 2.977745086669921761e+02 4.497451621827004828e+02 9.906292687988282069e+02 5.675497530907699684e+02 5.557904638671875546e+02 7.607106370192308304e+02
4.011101257324218636e+02 4.931051771144411191e+02 2.977901916503906250e+02 4.498660667862094442e+02 9.908963037109375591e+02 5.675210004983488261e+02 5.558631640625000045e+02 7.607106370192308304e+02
4.011101257324218636e+02 4.931051771144411191e+02 2.978570709228515625e+02 4.503235904836816985e+02 9.911994885253907341e+02 5.674188735804606267e+02 5.558631640625000045e+02 7.607106370192308304e+02
4.011101257324218636e+02 4.931622060313566180e+02 2.978662445068359261e+02 4.503235904836816985e+02 9.912898632812500637e+02 5.674188735804606267e+02 5.558373925781251046e+02 7.607106370192308304e+02
4.011101257324218636e+02 4.931876133212456921e+02 2.978894256591797216e+02 4.503235904836816985e+02 9.919326281738282205e+02 5.673809594223179147e+02 5.558229003906250227e+02 7.607355632648601613e+02
4.011101257324218636e+02 4.932205548074871899e+02 2.978916503906249886e+02 4.499182562193365698e+02 9.919577368164062818e+02 5.673739246486387628e+02 5.558229003906250227e+02 7.607468312937063502e+02
4.011174041748046761e+02 4.932205548074871899e+02 2.980137634277343750e+02 4.499182562193365698e+02 9.919577368164062818e+02 5.670180550801385380e+02 5.556671777343750591e+02 7.607468312937063502e+02
4.011211944580078352e+02 4.932174201418515054e+02 2.980137634277343750e+02 4.499182562193365698e+02 9.919326281738282205e+02 5.669719609526014210e+02 5.553082910156250591e+02 7.608755599868882200e+02
4.011211944580078352e+02 4.932174201418515054e+02 2.980137634277343750e+02 4.502401093883319163e+02 9.917342944335938455e+02 5.667455802996133798e+02 5.552282080078125546e+02 7.608755599868882200e+02
4.011174041748046761e+02 4.932174201418515054e+02 2.980180480957031364e+02 4.503242229162222543e+02 9.917145019531250227e+02 5.667142510168330318e+02 5.551376660156250864e+02 7.608794525786713621e+02
4.011019958496094091e+02 4.932060913502559742e+02 2.980228546142578239e+02 4.505760410556206921e+02 9.917145019531250227e+02 5.665081566879429147e+02 5.551376660156250864e+02 7.608794525786713621e+02
4.010993041992187500e+02 4.931247000319965537e+02 2.980478485107421989e+02 4.507608488427900966e+02 9.917342944335938455e+02 5.665068478928398008e+02 5.551376660156250864e+02 7.608654529064685903e+02
4.010703552246093864e+02 4.931247000319965537e+02 2.980478485107421989e+02 4.507608488427900966e+02 9.917350305175781386e+02 5.662736369654074906e+02 5.553130078125000182e+02 7.608265952797203227e+02
4.010616485595703011e+02 4.931247000319965537e+02 2.980478485107421989e+02 4.507608488427900966e+02 9.917350305175781386e+02 5.662095878050498641e+02 5.553197070312500045e+02 7.608265952797203227e+02
4.010158355712890739e+02 4.933012861961390740e+02 2.980054138183593864e+02 4.507608488427900966e+02 9.917393652343751000e+02 5.661257840186050316e+02 5.553197070312500045e+02 7.608265952797203227e+02
4.009187438964843864e+02 4.934812819965870290e+02 2.980026123046874886e+02 4.507608488427900966e+02 9.917350305175781386e+02 5.659886468317090475e+02 5.553130078125000182e+02 7.609446705638112007e+02
4.008524688720703466e+02 4.934812819965870290e+02 2.979665771484375227e+02 4.508830458084470933e+02 9.917307775878906568e+02 5.655762536746939304e+02 5.550929248046875273e+02 7.611392318618882200e+02
4.007919616699218750e+02 4.934812819965870290e+02 2.979382324218750000e+02 4.510142618120733573e+02 9.917176098632812682e+02 5.655205889829654780e+02 5.550728613281251000e+02 7.612323126092658185e+02
4.007876495361328466e+02 4.932797284956271255e+02 2.977448455810546761e+02 4.513633920715123509e+02 9.917176098632812682e+02 5.655205889829654780e+02 5.546227490234375637e+02 7.616445858828672044e+02
4.007791900634765625e+02 4.932104908809726567e+02 2.977295745849609716e+02 4.513919615241040901e+02 9.917176098632812682e+02 5.655762536746939304e+02 5.542734667968750273e+02 7.619975824956294446e+02
4.007742462158203125e+02 4.930605218776663605e+02 2.977295745849609716e+02 4.515487772970882929e+02 9.917176098632812682e+02 5.656478693067413133e+02 5.540825048828126000e+02 7.619975824956294446e+02
4.007275268554687386e+02 4.930329148224189453e+02 2.977295745849609716e+02 4.515487772970882929e+02 9.916040893554687727e+02 5.657029614006120255e+02 5.540492480468750500e+02 7.621656468531468818e+02
4.005344421386718636e+02 4.926155093456698069e+02 2.977670928955078011e+02 4.515487772970882929e+02 9.913503039550781750e+02 5.658532274383859431e+02 5.539702246093750091e+02 7.621656468531468818e+02
4.004514129638671989e+02 4.925968663342576406e+02 2.977924438476562727e+02 4.513325678594283090e+02 9.910593054199218841e+02 5.660142910357602659e+02 5.539173144531250728e+02 7.621656468531468818e+02
4.004184265136718750e+02 4.925968663342576406e+02 2.978021667480468864e+02 4.512293988641211513e+02 9.910593054199218841e+02 5.660142910357602659e+02 5.538787939453125091e+02 7.621656468531468818e+02
4.004123016357422102e+02 4.925968663342576406e+02 2.978021667480468864e+02 4.511145986094816180e+02 9.910593054199218841e+02 5.660142910357602659e+02 5.538639941406250955e+02 7.621691979895105078e+02
4.004043914794921761e+02 4.926317326151876728e+02 2.977924438476562727e+02 4.508735043262051931e+02 9.910439294433593886e+02 5.656197302120248196e+02 5.538638232421875500e+02 7.622271771197553107e+02
4.004043365478515852e+02 4.926317326151876728e+02 2.977924438476562727e+02 4.508735043262051931e+02 9.910439294433593886e+02 5.653204251318862816e+02 5.538027783203125409e+02 7.622906195367133932e+02
4.003946685791015625e+02 4.926317326151876728e+02 2.977984588623046989e+02 4.508218648344176245e+02 9.910168579101563182e+02 5.653204251318862816e+02 5.538027783203125409e+02 7.622906195367133932e+02
4.003817321777343636e+02 4.926167192166169002e+02 2.977851379394531364e+02 4.508735043262051931e+02 9.909115161132813228e+02 5.653204251318862816e+02 5.538027783203125409e+02 7.622906195367133932e+02
4.002481658935546989e+02 4.923692456138011835e+02 2.977851379394531364e+02 4.509355377093110064e+02 9.906906909179688228e+02 5.654787484395135380e+02 5.538391113281250000e+02 7.622672639860140862e+02
4.002062530517578125e+02 4.922490284369666824e+02 2.977307281494140625e+02 4.509784056367320773e+02 9.906906909179688228e+02 5.654787484395135380e+02 5.538468359375000318e+02 7.622672639860140862e+02
4.001663452148437727e+02 4.922490284369666824e+02 2.977022186279297102e+02 4.509355377093110064e+02 9.906906909179688228e+02 5.654787484395135380e+02 5.538468359375000318e+02 7.622672639860140862e+02
4.001611267089843977e+02 4.922490284369666824e+02 2.976948852539062500e+02 4.509784056367320773e+02 9.909349072265625864e+02 5.655539632580943135e+02 5.538468359375000318e+02 7.623347355769230944e+02
4.001419555664062386e+02 4.922698712137371899e+02 2.975789520263671761e+02 4.510007607521864088e+02 9.911905737304688273e+02 5.655539632580943135e+02 5.538468359375000318e+02 7.623347355769230944e+02
4.001526947021484375e+02 4.924792888758532285e+02 2.975779632568359716e+02 4.511942026183873509e+02 9.911920458984375273e+02 5.655775624697970443e+02 5.538468359375000318e+02 7.623607544798951494e+02
4.001526947021484375e+02 4.924826985121586631e+02 2.975779632568359716e+02 4.511942026183873509e+02 9.911920458984375273e+02 5.657243520205782943e+02 5.538383593750000955e+02 7.623607544798951494e+02
4.001526947021484375e+02 4.925158049808020451e+02 2.975789520263671761e+02 4.511942026183873509e+02 9.911905737304688273e+02 5.657650064684680729e+02 5.539337890625000682e+02 7.623879343312937635e+02
4.002030120849609602e+02 4.925430820712456921e+02 2.975972167968749886e+02 4.509363901183873509e+02 9.910294531250000318e+02 5.657768265242428924e+02 5.539518701171875819e+02 7.624390160620630468e+02
4.002030120849609602e+02 4.927230778716936470e+02 2.975972167968749886e+02 4.509244838883852253e+02 9.909350708007813182e+02 5.657768265242428924e+02 5.539518701171875819e+02 7.624390160620630468e+02
4.002030120849609602e+02 4.927643234721629710e+02 2.975972167968749886e+02 4.508678674274743798e+02 9.906815307617188182e+02 5.657768265242428924e+02 5.539518701171875819e+02 7.623879343312937635e+02
4.001979583740234716e+02 4.927643234721629710e+02 2.975904327392578352e+02 4.508678674274743798e+02 9.906013793945313637e+02 5.657768265242428924e+02 5.539518701171875819e+02 7.623164335664336022e+02
4.001178405761718864e+02 4.927230778716936470e+02 2.974861724853515739e+02 4.508678674274743798e+02 9.906013793945313637e+02 5.656622251530283165e+02 5.539348486328125318e+02 7.622885708041958424e+02
4.000366241455078011e+02 4.927643234721629710e+02 2.974531311035156591e+02 4.508840357028583412e+02 9.906032604980468932e+02 5.655328998369039937e+02 5.537705126953125045e+02 7.622482790646853346e+02
4.000366241455078011e+02 4.927643234721629710e+02 2.974531311035156591e+02 4.508840357028583412e+02 9.906815307617188182e+02 5.655137178086743006e+02 5.537705126953125045e+02 7.622482790646853346e+02
4.000279998779296875e+02 4.928553937579991384e+02 2.974531311035156591e+02 4.508840357028583412e+02 9.909085717773438091e+02 5.655328998369039937e+02 5.537705126953125045e+02 7.622482790646853346e+02
4.000279998779296875e+02 4.928641928194325601e+02 2.974827117919921875e+02 4.504653103668941867e+02 9.909085717773438091e+02 5.655328998369039937e+02 5.539060009765626091e+02 7.623985877403846416e+02
4.000279998779296875e+02 4.928641928194325601e+02 2.975476959228515739e+02 4.504120485481548712e+02 9.910386950683594023e+02 5.655583804415672375e+02 5.539401464843750773e+02 7.624196896853147791e+02
4.000009185791015511e+02 4.928553937579991384e+02 2.975476959228515739e+02 4.504042393811326406e+02 9.910386950683594023e+02 5.655843109445472692e+02 5.539929199218750000e+02 7.624620301573427241e+02
3.999729309082031250e+02 4.927929204218216341e+02 2.975480804443359375e+02 4.504042393811326406e+02 9.910386950683594023e+02 5.655886872281732849e+02 5.539942187500000728e+02 7.625555889423077360e+02
3.997426300048828125e+02 4.923332794501919807e+02 2.975476959228515739e+02 4.502282031583297908e+02 9.911388024902344114e+02 5.655886872281732849e+02 5.540383447265625136e+02 7.625733446241259799e+02
3.997104675292968636e+02 4.923332794501919807e+02 2.975306671142578239e+02 4.501367479135558938e+02 9.912551855468750546e+02 5.655886872281732849e+02 5.540383447265625136e+02 7.625786713286713621e+02
3.997104675292968636e+02 4.923166162276023670e+02 2.975306671142578239e+02 4.500332214563779871e+02 9.912551855468750546e+02 5.655886872281732849e+02 5.540383447265625136e+02 7.625990220716784052e+02
3.997104675292968636e+02 4.923166162276023670e+02 2.975480804443359375e+02 4.499402538729202092e+02 9.911388024902344114e+02 5.655710184942814749e+02 5.540381396484375500e+02 7.626601425917832557e+02
3.997178283691406477e+02 4.921797908223122704e+02 2.975783752441406591e+02 4.495173489827751609e+02 9.904381323242188273e+02 5.653607523810002249e+02 5.534356542968751000e+02 7.628861860795454959e+02
3.997536987304687841e+02 4.921502589723762640e+02 2.975963378906250227e+02 4.495173489827751609e+02 9.904381323242188273e+02 5.653245151165833704e+02 5.534201025390625546e+02 7.629593258304196297e+02
3.997925354003906477e+02 4.920823412169368680e+02 2.976207275390625000e+02 4.495173489827751609e+02 9.903322180175781568e+02 5.653245151165833704e+02 5.534201025390625546e+02 7.629593258304196297e+02
3.999069580078125341e+02 4.920820662462670612e+02 2.976308624267578011e+02 4.501045488481228745e+02 9.904135144042969614e+02 5.653607523810002249e+02 5.534278955078125364e+02 7.629040783435315234e+02
3.999118469238281364e+02 4.920450001999786309e+02 2.976340484619140625e+02 4.501045488481228745e+02 9.904135144042969614e+02 5.655756401769892818e+02 5.534356542968751000e+02 7.629040783435315234e+02
3.999118469238281364e+02 4.920450001999786309e+02 2.976514068603515852e+02 4.501513763531889936e+02 9.903322180175781568e+02 5.655762945745408388e+02 5.534278955078125364e+02 7.629244290865385665e+02
3.999070129394531250e+02 4.920450001999786309e+02 2.976661560058593636e+02 4.501045488481228745e+02 9.902215600585938091e+02 5.656662742378784969e+02 5.534428320312500773e+02 7.629040783435315234e+02
3.999069580078125341e+02 4.920503346309726567e+02 2.976684631347656591e+02 4.500904153556953702e+02 9.902215600585938091e+02 5.656662742378784969e+02 5.534278955078125364e+02 7.629040783435315234e+02
3.998624633789062841e+02 4.920873456831271255e+02 2.978895904541015511e+02 4.499365692659449678e+02 9.902215600585938091e+02 5.656662742378784969e+02 5.534159667968750682e+02 7.629244290865385665e+02
3.998624633789062841e+02 4.921561433447099034e+02 2.978972534179687841e+02 4.499365692659449678e+02 9.903514379882813046e+02 5.656746178066607627e+02 5.534089257812501046e+02 7.629244290865385665e+02
3.998624633789062841e+02 4.921561433447099034e+02 2.979400726318359602e+02 4.498569377599722543e+02 9.903514379882813046e+02 5.656746178066607627e+02 5.534159667968750682e+02 7.629406823645105078e+02
3.999307708740234375e+02 4.921561433447099034e+02 2.979505371093750341e+02 4.498415943965976567e+02 9.903514379882813046e+02 5.656746178066607627e+02 5.534159667968750682e+02 7.629406823645105078e+02
3.999803192138671761e+02 4.921425047994880515e+02 2.980906127929687841e+02 4.496642933087136953e+02 9.901149914550782114e+02 5.658640249979864620e+02 5.534260839843750546e+02 7.629406823645105078e+02
4.000010833740234375e+02 4.920861358121800322e+02 2.984515686035156250e+02 4.495496305394091223e+02 9.897961853027344432e+02 5.658729002647793322e+02 5.536071337890625728e+02 7.629207413680070431e+02
4.000144592285156477e+02 4.920724422728242189e+02 2.984665374755859375e+02 4.495465508679073992e+02 9.895069860839844296e+02 5.658729002647793322e+02 5.536726220703125136e+02 7.628417968750000000e+02
4.000174804687500227e+02 4.920717273490827210e+02 2.984698059082031136e+02 4.495172114974402575e+02 9.894050793457031432e+02 5.658729002647793322e+02 5.536781250000000227e+02 7.628417968750000000e+02
4.000144592285156477e+02 4.920717273490827210e+02 2.985265777587890739e+02 4.494352427407742994e+02 9.894050793457031432e+02 5.658686466806942690e+02 5.536834570312501000e+02 7.628254070148601613e+02
4.000145141601562386e+02 4.920618833991040901e+02 2.985266601562499886e+02 4.494228965577004828e+02 9.894050793457031432e+02 5.658225525531571520e+02 5.537023583984375819e+02 7.628417968750000000e+02
4.000144592285156477e+02 4.920618833991040901e+02 2.985266601562499886e+02 4.493816784542981964e+02 9.890845556640625773e+02 5.658148224820795349e+02 5.537023583984375819e+02 7.629003223339161650e+02
4.000077575683594091e+02 4.920618833991040901e+02 2.985265777587890739e+02 4.493799461390784700e+02 9.890463610839843795e+02 5.657637385732119810e+02 5.537023583984375819e+02 7.629438237543706691e+02
3.999589782714843977e+02 4.920618833991040901e+02 2.985035064697265739e+02 4.493799461390784700e+02 9.888791882324219387e+02 5.657637385732119810e+02 5.536373828125000500e+02 7.629901251092658185e+02
3.999133575439453239e+02 4.920618833991040901e+02 2.985035064697265739e+02 4.493816784542981964e+02 9.888632397460937682e+02 5.657376853706909969e+02 5.535983154296875455e+02 7.630715280812937635e+02
3.999087982177734375e+02 4.920267421475042511e+02 2.985035064697265739e+02 4.493488469563246213e+02 9.888632397460937682e+02 5.657637385732119810e+02 5.535983154296875455e+02 7.630715280812937635e+02
3.999081665039062727e+02 4.920233875053327210e+02 2.985169647216796989e+02 4.492992972416275279e+02 9.888791882324219387e+02 5.657654154669377249e+02 5.535983154296875455e+02 7.630715280812937635e+02
3.999015472412109489e+02 4.920216276930460708e+02 2.985276214599609261e+02 4.492982798501492994e+02 9.889382385253907159e+02 5.657654154669377249e+02 5.536027587890625909e+02 7.630289144449301375e+02
3.999015472412109489e+02 4.920145884438992994e+02 2.985364105224609261e+02 4.492153761932060547e+02 9.889563952636718795e+02 5.657383806680895759e+02 5.536027587890625909e+02 7.630289144449301375e+02
3.999040740966797216e+02 4.920135435553540901e+02 2.985557464599609716e+02 4.492122140305033895e+02 9.889635107421875091e+02 5.657383806680895759e+02 5.536173876953125728e+02 7.630243389423077360e+02
3.999081665039062727e+02 4.920135435553540901e+02 2.985557464599609716e+02 4.492122140305033895e+02 9.890025231933594796e+02 5.657383806680895759e+02 5.536173876953125728e+02 7.629988663680070431e+02
3.999162689208984602e+02 4.919955604735494603e+02 2.985536865234375341e+02 4.492153761932060547e+02 9.890560119628906932e+02 5.657301188990012406e+02 5.536799023437500864e+02 7.629264778190560037e+02
3.999210754394531477e+02 4.919955604735494603e+02 2.985557464599609716e+02 4.492510948832124313e+02 9.890560119628906932e+02 5.657383806680895759e+02 5.537142529296875182e+02 7.628605769230770193e+02
3.999220367431640852e+02 4.919848916115614088e+02 2.985590148925781477e+02 4.492510948832124313e+02 9.891407434082032069e+02 5.657547406068781584e+02 5.539875878906250364e+02 7.623938756555944565e+02
3.999553802490234489e+02 4.919265428354308938e+02 2.985590148925781477e+02 4.492510948832124313e+02 9.891412341308594023e+02 5.658803440369281361e+02 5.539911083984375182e+02 7.623439548732518460e+02
3.999568084716797216e+02 4.919243980642064571e+02 2.985799163818359716e+02 4.491565599669368680e+02 9.891452416992187864e+02 5.659129003151175539e+02 5.539920996093750318e+02 7.622835172639860275e+02
3.999596099853515625e+02 4.919243980642064571e+02 2.986235046386718750e+02 4.488713603882252414e+02 9.891452416992187864e+02 5.659129003151175539e+02 5.539937060546875500e+02 7.622835172639860275e+02
3.999596099853515625e+02 4.919265428354308938e+02 2.986354797363281364e+02 4.488713603882252414e+02 9.891823730468751137e+02 5.659581764457151394e+02 5.539937060546875500e+02 7.622835172639860275e+02
3.999596099853515625e+02 4.919333071139078584e+02 2.986489929199219091e+02 4.488713603882252414e+02 9.891823730468751137e+02 5.659650067201594084e+02 5.539946289062500000e+02 7.622725906905594684e+02
3.999579620361328125e+02 4.919352319085963927e+02 2.986489929199219091e+02 4.489052642718110064e+02 9.891823730468751137e+02 5.660969496264899590e+02 5.539937060546875500e+02 7.621900267701049643e+02
3.999579620361328125e+02 4.919435910169581803e+02 2.986489929199219091e+02 4.489052642718110064e+02 9.891823730468751137e+02 5.660969496264899590e+02 5.539834521484375500e+02 7.621900267701049643e+02
3.999579620361328125e+02 4.919435910169581803e+02 2.986432525634765511e+02 4.489052642718110064e+02 9.893274633789062591e+02 5.660969496264899590e+02 5.539607910156250909e+02 7.621613445148601613e+02
3.999738922119140625e+02 4.919897860894838004e+02 2.986338592529297102e+02 4.486148952445072382e+02 9.894305151367187818e+02 5.661845979985502026e+02 5.537556103515626091e+02 7.621613445148601613e+02
4.000295654296875227e+02 4.919907209897610869e+02 2.986338592529297102e+02 4.486148952445072382e+02 9.894305151367187818e+02 5.661093831799693135e+02 5.537556103515626091e+02 7.621365548513986141e+02
4.001004272460937727e+02 4.919907209897610869e+02 2.986432525634765511e+02 4.486148952445072382e+02 9.894305151367187818e+02 5.659699556016430506e+02 5.537556103515626091e+02 7.621200967001748268e+02
4.004266662597656250e+02 4.919429860814846052e+02 2.994551422119140511e+02 4.486148952445072382e+02 9.885168713378907341e+02 5.659675016108246837e+02 5.542266748046876046e+02 7.619602955638112007e+02
4.012326782226562614e+02 4.916742297488268036e+02 3.018931182861328466e+02 4.486148952445072382e+02 9.859877685546875909e+02 5.619731816557264210e+02 5.548680224609375955e+02 7.614189521416084290e+02
4.017424987792969091e+02 4.891458194459257243e+02 3.040717895507812614e+02 4.468357525197312157e+02 9.817106298828125546e+02 5.565923977881362816e+02 5.568301074218750273e+02 7.612406441215035784e+02
4.055929595947265511e+02 4.891458194459257243e+02 3.098626831054687614e+02 4.468357525197312157e+02 9.799091870117188137e+02 5.507176664686694494e+02 5.648127050781250773e+02 7.611423049606644327e+02
4.141522705078124886e+02 4.891259115694325601e+02 3.206494720458984489e+02 4.468318204391531481e+02 9.769224035644531341e+02 5.357933941084085063e+02 5.766715527343750409e+02 7.612406441215035784e+02
4.241053070068359716e+02 4.890822462270691062e+02 3.377869354248047102e+02 4.462147862561326406e+02 9.751169531250000091e+02 5.179900997201191331e+02 5.897463769531250364e+02 7.612406441215035784e+02
4.338326568603515625e+02 4.887864877746373509e+02 3.525219360351562727e+02 4.411726490840976567e+02 9.685098632812500909e+02 4.956072494664142596e+02 6.035369238281250546e+02 7.612406441215035784e+02
4.442944702148437841e+02 4.865664295808446695e+02 3.675566711425781250e+02 4.400156274997333412e+02 9.669056091308594887e+02 4.783352440902866647e+02 6.133853222656250637e+02 7.610090007648601613e+02
4.523216857910156250e+02 4.865664295808446695e+02 3.827081085205078352e+02 4.400156274997333412e+02 9.660186279296875682e+02 4.621425856757409178e+02 6.227640234375001000e+02 7.615810751748252869e+02
4.589247711181640739e+02 4.865664295808446695e+02 3.915907745361328125e+02 4.411726490840976567e+02 9.650106018066406932e+02 4.443644446933391805e+02 6.282050195312500591e+02 7.615810751748252869e+02
4.647251953125000341e+02 4.870226059220349839e+02 4.013742370605468750e+02 4.414637055380759421e+02 9.639003417968750682e+02 4.338789100253704305e+02 6.304368164062500455e+02 7.631613308566434171e+02
4.688286987304687727e+02 4.873177594389931642e+02 4.037189117431640852e+02 4.430954639838416824e+02 9.639003417968750682e+02 4.235113714159149367e+02 6.304368164062500455e+02 7.647256064248252869e+02
4.700942138671875341e+02 4.874839517118173831e+02 4.086249938964843977e+02 4.446946659023037682e+02 9.650106018066406932e+02 4.196778696591092057e+02 6.304368164062500455e+02 7.667179987980770193e+02
4.700942138671875341e+02 4.899091380252772865e+02 4.112567962646484716e+02 4.460502713043941867e+02 9.650434802246094250e+02 4.175205663307425539e+02 6.302728222656251091e+02 7.694004725743008066e+02
4.700942138671875341e+02 4.910665445685793316e+02 4.112567962646484716e+02 4.468442491134279067e+02 9.656519763183594023e+02 4.146399492086823102e+02 6.283951953125000500e+02 7.699697470498252869e+02
4.691553222656249886e+02 4.937796251733148551e+02 4.112567962646484716e+02 4.489290492347482768e+02 9.699439184570312591e+02 4.146399492086823102e+02 6.263642382812500955e+02 7.720119919143356810e+02
4.683067382812500341e+02 4.938832341216936470e+02 4.109547821044922102e+02 4.503074772024316985e+02 9.727129846191406841e+02 4.146399492086823102e+02 6.250670507812500318e+02 7.735794088723777122e+02
4.682754272460937841e+02 4.959366050954564571e+02 4.109499481201171989e+02 4.525450235308233573e+02 9.746241040039062682e+02 4.154914431227850855e+02 6.237529785156250455e+02 7.770789854676573896e+02
4.682197814941406477e+02 4.965754719496586631e+02 4.109499481201171989e+02 4.555288952511731964e+02 9.761594116210937955e+02 4.154914431227850855e+02 6.230887304687501000e+02 7.790054086538461888e+02
4.682197814941406477e+02 4.968876736481441867e+02 4.109499481201171989e+02 4.562314728095669807e+02 9.762566564941406568e+02 4.154914431227850855e+02 6.228320410156250091e+02 7.809685041520979212e+02
4.682197814941406477e+02 4.971149094096629710e+02 4.121224914550781477e+02 4.564591485241573992e+02 9.776893212890626046e+02 4.131680046160196298e+02 6.228320410156250091e+02 7.817093941215035784e+02
4.688502319335937614e+02 4.978330228109001609e+02 4.135212158203125341e+02 4.566651290529010225e+02 9.777129577636719659e+02 4.095989612697325697e+02 6.228320410156250091e+02 7.822901414991259799e+02
4.697259521484375000e+02 4.979092996747013444e+02 4.161701019287109489e+02 4.577901165542342028e+02 9.777308691406250318e+02 4.059538033082312722e+02 6.244319238281250364e+02 7.825641253277972282e+02
4.702590087890625341e+02 4.979509302341083412e+02 4.166491058349609489e+02 4.586083742734108455e+02 9.782193835449219250e+02 4.036315099971810127e+02 6.247382421875000773e+02 7.825641253277972282e+02
4.705323486328125000e+02 4.979545598469496213e+02 4.168954193115234261e+02 4.587390128386305150e+02 9.782193835449219250e+02 4.015893806378865634e+02 6.249671777343750136e+02 7.826300262237763263e+02
4.713251770019531364e+02 4.979545598469496213e+02 4.175584167480469091e+02 4.592616495907103058e+02 9.783942443847656705e+02 4.004270887866462090e+02 6.255087890625001137e+02 7.826817225743008066e+02
4.721935363769531477e+02 4.987009402330418197e+02 4.196326354980469091e+02 4.592616495907103058e+02 9.783942443847656705e+02 3.988856962538256994e+02 6.258559179687500773e+02 7.839089133522727479e+02
4.736679565429687386e+02 4.987732025250639936e+02 4.235010864257812386e+02 4.597163410902836631e+02 9.787523901367187591e+02 3.980039364529638988e+02 6.278031347656250318e+02 7.848536522071678974e+02
4.765419250488281477e+02 4.987732025250639936e+02 4.265380096435546875e+02 4.600190288035942672e+02 9.787523901367187591e+02 3.911578337679204083e+02 6.334924804687500455e+02 7.855392263986014996e+02
4.805616027832031136e+02 4.987009402330418197e+02 4.307863952636718636e+02 4.608062148370840418e+02 9.790493591308594432e+02 3.819870246808553134e+02 6.371998144531251000e+02 7.857590553977273657e+02
4.831755798339843864e+02 4.987009402330418197e+02 4.369464019775390966e+02 4.608062148370840418e+02 9.795603649902344614e+02 3.758756877466574906e+02 6.382481738281250045e+02 7.893166794143356810e+02
4.868594055175781250e+02 4.994622790235708294e+02 4.436265289306640511e+02 4.608062148370840418e+02 9.795603649902344614e+02 3.683848398739529557e+02 6.417396289062500045e+02 7.911787041083916847e+02
4.904021118164062614e+02 4.989984035036262640e+02 4.498514648437500227e+02 4.618563553220989775e+02 9.798795800781250591e+02 3.563692828306217280e+02 6.446551562500000045e+02 7.925000000000001137e+02
4.949881347656250341e+02 4.994622790235708294e+02 4.554726196289062727e+02 4.618563553220989775e+02 9.795603649902344614e+02 3.496753275763127817e+02 6.503235839843750909e+02 7.947599568400349881e+02
4.989421691894531250e+02 5.003861804740827210e+02 4.651002136230468977e+02 4.624754242880759421e+02 9.794187915039062773e+02 3.353874568349307310e+02 6.542380468750000091e+02 7.963742214816434171e+02
5.028605529785156136e+02 5.006910679527516663e+02 4.701680419921875114e+02 4.630865191046288487e+02 9.794187915039062773e+02 3.273406777922639890e+02 6.554069238281250591e+02 7.979523601398601613e+02
5.060932250976562727e+02 5.009576245200511835e+02 4.758984558105468636e+02 4.637384745627132929e+02 9.798795800781250591e+02 3.200960674482522563e+02 6.575456152343750773e+02 7.984413925917832557e+02
5.095462829589843636e+02 5.009576245200511835e+02 4.813201538085937727e+02 4.638087020717790097e+02 9.790397082519531295e+02 3.117493902776658956e+02 6.596389843750000637e+02 7.999910538680070431e+02
5.118305603027343977e+02 5.009576245200511835e+02 4.846376403808594091e+02 4.638087020717790097e+02 9.790397082519531295e+02 3.069206725444989843e+02 6.602122460937500819e+02 7.999910538680070431e+02
5.136471496582031477e+02 4.997701911796074796e+02 4.893076538085937841e+02 4.638087020717790097e+02 9.764781359863281978e+02 2.989812351502093861e+02 6.602122460937500819e+02 7.999910538680070431e+02
5.144996887207031477e+02 4.990461384119026889e+02 4.908551879882812727e+02 4.636455344763224957e+02 9.733584484863281432e+02 2.969226845023558212e+02 6.602122460937500819e+02 7.999586156031468818e+02
5.144996887207031477e+02 4.983613514558446695e+02 4.910798583984375227e+02 4.622474736028156599e+02 9.709207836914063137e+02 2.931770765166921251e+02 6.570616992187500500e+02 7.988915674169580825e+02
5.144996887207031477e+02 4.968400487281356277e+02 4.926667236328125341e+02 4.607161344456591223e+02 9.645955322265625682e+02 2.930565037678197200e+02 6.541050878906251000e+02 7.966527125218532319e+02
5.138151306152343523e+02 4.938994573912115698e+02 4.926667236328125341e+02 4.552334117694112479e+02 9.620031262207031659e+02 2.899944140247462769e+02 6.504946191406251046e+02 7.922929414335665115e+02
5.115728759765625000e+02 4.922959384332338004e+02 4.926667236328125341e+02 4.503675032996480354e+02 9.578969226074219705e+02 2.880003215357199906e+02 6.436407031250000728e+02 7.876992733828672044e+02
5.099459106445312386e+02 4.906396251066552736e+02 4.917362365722656250e+02 4.477221204738161191e+02 9.550377270507813137e+02 2.865754526669217057e+02 6.393472558593750819e+02 7.831720525568182438e+02
5.091289123535156591e+02 4.879017971416382125e+02 4.908530456542968636e+02 4.462347766238268036e+02 9.525690649414062818e+02 2.865754526669217057e+02 6.318297070312501091e+02 7.808781550480770193e+02
5.084660522460937386e+02 4.845347262958617307e+02 4.902219909667969091e+02 4.413495377159769646e+02 9.472173254394531341e+02 2.880003215357199906e+02 6.304780371093750091e+02 7.776257921765734409e+02
5.014758911132812500e+02 4.823252819699231964e+02 4.864685668945312500e+02 4.389271561033489775e+02 9.434267382812500955e+02 2.909851719177875111e+02 6.207439355468750364e+02 7.737746530812937635e+02
4.954235778808593977e+02 4.803489027837030676e+02 4.803416564941406364e+02 4.348249511718750000e+02 9.419908020019531705e+02 2.956195335781451377e+02 6.116670410156250455e+02 7.684835964816434171e+02
4.891152282714843977e+02 4.776655190113054346e+02 4.722413818359374886e+02 4.318638745200511835e+02 9.393537402343750955e+02 3.052007930794941899e+02 6.046507031250000637e+02 7.638132375437063502e+02
4.820387145996093636e+02 4.759951271864334217e+02 4.629278869628906250e+02 4.285811096816339614e+02 9.384729748535156659e+02 3.142973075945352548e+02 5.946789843750000273e+02 7.604412286931818699e+02
4.746298095703124886e+02 4.736532569859214732e+02 4.537619934082031250e+02 4.230903578618280676e+02 9.336120397949218841e+02 3.273588373243193814e+02 5.861324902343750409e+02 7.512620192307692832e+02
4.649674987792968750e+02 4.718630329431526889e+02 4.368324188232422216e+02 4.189712422341616502e+02 9.317941577148437773e+02 3.430424562434560016e+02 5.736504785156250819e+02 7.449442061844406453e+02
4.554328216552734716e+02 4.671775327298421416e+02 4.188333526611328352e+02 4.167022942552794120e+02 9.250059912109375091e+02 3.624904766279397563e+02 5.610619287109375364e+02 7.377408626529720550e+02
4.405552185058593864e+02 4.624485321565699678e+02 3.956032012939453466e+02 4.086242884092363283e+02 9.207449645996093750e+02 3.949339121395779557e+02 5.442674658203125091e+02 7.265089597902098149e+02
4.206975402832031250e+02 4.563994248946779067e+02 3.658862823486328466e+02 3.976363229588843637e+02 9.148724047851562773e+02 4.351742899786565317e+02 5.252528271484375182e+02 7.144665100524475747e+02
4.017002014160156591e+02 4.457099126093216341e+02 3.293068359375000114e+02 3.853716136945392350e+02 9.074117028808594796e+02 4.841049037028833482e+02 5.036841113281250273e+02 6.991897945804196297e+02
3.790749298095703352e+02 4.367965458684406599e+02 2.901347534179687386e+02 3.709456349656036309e+02 8.894532983398438546e+02 5.411874295264175316e+02 4.795191406250000341e+02 6.778960199956294446e+02
3.587370391845703352e+02 4.252020501146544120e+02 2.545434173583984432e+02 3.527412292688779871e+02 8.723128466796875955e+02 5.978001388077882439e+02 4.578025976562500432e+02 6.611933866914336022e+02
3.389079803466797216e+02 4.119745860441552736e+02 2.224966964721679688e+02 3.354279210217576406e+02 8.477084216308594478e+02 6.513468319607763988e+02 4.394883349609375500e+02 6.418687172202797910e+02
3.182717285156250000e+02 3.976195772450938648e+02 1.903190597534179744e+02 3.103706687953284700e+02 8.223757641601563364e+02 6.980130665572647786e+02 4.188352587890625500e+02 6.230367679195804840e+02
3.010414581298828125e+02 3.851747346949658777e+02 1.730940353393554858e+02 2.771949625373293316e+02 7.983139965820313364e+02 7.543564503463272786e+02 3.971103076171875159e+02 6.046562226835665115e+02
2.848514556884765625e+02 3.741177791035622704e+02 1.329744506835937443e+02 2.626325708591083412e+02 7.682924841308594068e+02 8.047504605951996837e+02 3.826678515625000614e+02 5.925290920017482676e+02
2.722364868164062841e+02 3.680348779463523670e+02 1.078959114074707060e+02 2.519975852575725241e+02 7.504872668457031750e+02 8.401380715910920571e+02 3.724750927734375523e+02 5.829432774256993071e+02
2.626340789794921875e+02 3.582888725202644764e+02 9.099292373657226562e+01 2.519975852575725241e+02 7.353398852539063455e+02 8.691651837850354241e+02 3.705475976562500477e+02 5.742267400568182438e+02
2.612369750976562841e+02 3.542557677181100644e+02 8.057717742919922443e+01 2.388577543395371094e+02 7.223120983886718705e+02 8.955456668814432533e+02 3.705475976562500477e+02 5.651500355113636260e+02
2.612369750976562841e+02 3.536120338830524474e+02 8.057717742919922443e+01 2.366882357548527978e+02 7.169381945800781750e+02 9.088126774424129053e+02 3.705475976562500477e+02 5.629387702141608543e+02
2.612369750976562841e+02 3.505970629799488165e+02 8.057717742919922443e+01 2.340936675087990579e+02 7.141090148925782159e+02 9.088126774424129053e+02 3.783656542968750500e+02 5.623478474650349881e+02
2.665588348388671989e+02 3.487521197738907972e+02 8.746355895996093466e+01 2.316708184460324276e+02 7.061100720214843705e+02 9.088126774424129053e+02 3.921737353515625273e+02 5.446566665756118937e+02
2.774022308349609602e+02 3.481866975855908777e+02 9.392202301025390909e+01 2.259667993747333412e+02 7.010572644042969159e+02 9.029118929204252026e+02 3.970616015625000159e+02 5.270183429851399524e+02
2.830349487304687841e+02 3.481866975855908777e+02 1.071830909729003878e+02 2.212714139658436352e+02 7.010572644042969159e+02 8.958817000241623418e+02 3.972997314453125455e+02 5.270183429851399524e+02
2.910288757324219091e+02 3.416513871853669002e+02 1.122904975891113253e+02 2.181046180074125402e+02 6.993791564941407159e+02 8.902082368516429369e+02 3.992987646484375546e+02 5.270183429851399524e+02
2.960633056640625114e+02 3.397181783943045730e+02 1.177442962646484403e+02 2.140144017971416304e+02 6.937567016601562955e+02 8.671065308875644178e+02 4.122055615234375523e+02 5.327001611669580825e+02
2.984130340576172102e+02 3.397181783943045730e+02 1.218516860961914148e+02 2.087151533003146255e+02 6.926027673339843886e+02 8.550752683029960508e+02 4.217145214843750409e+02 5.327001611669580825e+02
3.005691284179687841e+02 3.392950810246907167e+02 1.255262008666992273e+02 2.073816142944752414e+02 6.926027673339843886e+02 8.510400894007731267e+02 4.234389208984375159e+02 5.339843750000000000e+02
3.010554656982421875e+02 3.348063498226855472e+02 1.312790267944336051e+02 2.061012271191072784e+02 6.800513085937500364e+02 8.484089204453929369e+02 4.333925585937500387e+02 5.339843750000000000e+02
3.011619232177734489e+02 3.298195092523463927e+02 1.348377044677734489e+02 2.057997080311433251e+02 6.762664874267578625e+02 8.458000828064593861e+02 4.337625878906250136e+02 5.266571855878496535e+02
3.028773010253906364e+02 3.298195092523463927e+02 1.368951141357422046e+02 2.048806048188193074e+02 6.762664874267578625e+02 8.423509987113401394e+02 4.337625878906250136e+02 5.249468353911713621e+02
3.052974517822265739e+02 3.298195092523463927e+02 1.380036209106445426e+02 1.992610567372813364e+02 6.762664874267578625e+02 8.403507507953446520e+02 4.337625878906250136e+02 5.245729075611887993e+02
3.070059082031249886e+02 3.298195092523463927e+02 1.400472290039062671e+02 1.978938750699925322e+02 6.721721429443359739e+02 8.369318507872905002e+02 4.337625878906250136e+02 5.245729075611887993e+02
3.074569244384765625e+02 3.298195092523463927e+02 1.411904800415039176e+02 1.975194062633319163e+02 6.721721429443359739e+02 8.361383119563465698e+02 4.337818310546875296e+02 5.174222506009615472e+02
3.074640930175781364e+02 3.290332581191339614e+02 1.414964218139648438e+02 1.940878822925554630e+02 6.721721429443359739e+02 8.350695989549774367e+02 4.327192529296875136e+02 5.171584762893356810e+02
3.074676086425781136e+02 3.283933738734534700e+02 1.426368576049804631e+02 1.937571063253252817e+02 6.719659167480468795e+02 8.350695989549774367e+02 4.337818310546875296e+02 5.153984784746503465e+02
3.079114288330078466e+02 3.283364274477389131e+02 1.427918060302734489e+02 1.936266189939739775e+02 6.637671270751953898e+02 8.335078791982118673e+02 4.340749902343750364e+02 5.143419812609265591e+02
3.080352172851562500e+02 3.278987016384919002e+02 1.427918060302734489e+02 1.928944408429767350e+02 6.630169348144531796e+02 8.335078791982118673e+02 4.340749902343750364e+02 5.142753291630244803e+02
3.080471923828125114e+02 3.277317944419261835e+02 1.428312332153320483e+02 1.928944408429767350e+02 6.608085192871094478e+02 8.335078791982118673e+02 4.340749902343750364e+02 5.142503004807692832e+02
3.080352172851562500e+02 3.275361803074338809e+02 1.427918060302734489e+02 1.925585366727549115e+02 6.590085894775390898e+02 8.343251399403993673e+02 4.340831933593750591e+02 5.140513002622377599e+02
3.079114288330078466e+02 3.271209470989761030e+02 1.427023910522460994e+02 1.924694736728082205e+02 6.440759399414063182e+02 8.394236330641913355e+02 4.340831933593750591e+02 5.140513002622377599e+02
3.075079833984374886e+02 3.264725937566659582e+02 1.424764434814453296e+02 1.920337139038502414e+02 6.440759399414063182e+02 8.398049014376609875e+02 4.340831933593750591e+02 5.140014477709790981e+02
3.060076354980469091e+02 3.246886390451684861e+02 1.421198410034179744e+02 1.889985326565166304e+02 6.440759399414063182e+02 8.411527149947647786e+02 4.340831933593750591e+02 5.140014477709790981e+02
3.047396484375000227e+02 3.237568459364334217e+02 1.409419555664062500e+02 1.881588684706964614e+02 6.581096673583984966e+02 8.411527149947647786e+02 4.348850146484375614e+02 5.142209694602273657e+02
3.042799255371093636e+02 3.236945100855908777e+02 1.397335418701171932e+02 1.871964023837457205e+02 6.581096673583984966e+02 8.411527149947647786e+02 4.368388623046875523e+02 5.143687855113636260e+02
3.042692413330078125e+02 3.228802669381932446e+02 1.397335418701171932e+02 1.871964023837457205e+02 6.581096673583984966e+02 8.407550866825064304e+02 4.368388623046875523e+02 5.143687855113636260e+02
3.042692413330078125e+02 3.225500821579031481e+02 1.397335418701171932e+02 1.871964023837457205e+02 6.562315081787110103e+02 8.411527149947647786e+02 4.370760009765625682e+02 5.145963655485139725e+02
3.039977416992187500e+02 3.220237058047141545e+02 1.403627700805664062e+02 1.897802055280770048e+02 6.405629791259766534e+02 8.413064166196842280e+02 4.370984228515625318e+02 5.145963655485139725e+02
3.041669311523437500e+02 3.215528460297568358e+02 1.406109924316406250e+02 1.897802055280770048e+02 6.405629791259766534e+02 8.413064166196842280e+02 4.378578613281250682e+02 5.148797394012237874e+02
3.042392211914062727e+02 3.214699698698805150e+02 1.408058212280273551e+02 1.897854437193365982e+02 6.411282098388671784e+02 8.413064166196842280e+02 4.379971435546875682e+02 5.148797394012237874e+02
3.041669311523437500e+02 3.214313639878412800e+02 1.408306915283203296e+02 1.897802055280770048e+02 6.427266571044922330e+02 8.416001593206345888e+02 4.379971435546875682e+02 5.148797394012237874e+02
3.041669311523437500e+02 3.213695505812713122e+02 1.408306915283203296e+02 1.891854989634439050e+02 6.411282098388671784e+02 8.416001593206345888e+02 4.378578613281250682e+02 5.147569520323427241e+02
3.042392211914062727e+02 3.213079296541702092e+02 1.408058212280273551e+02 1.885390979128892752e+02 6.411282098388671784e+02 8.424016327218910192e+02 4.375039648437500546e+02 5.141589270104894922e+02
3.043049743652343864e+02 3.207367055847375923e+02 1.397114181518554688e+02 1.804919437759972141e+02 6.407999981689453080e+02 8.425267862536243229e+02 4.365183251953125136e+02 5.134773137019230944e+02
3.044250549316406591e+02 3.206285871173741384e+02 1.387963531494140739e+02 1.801137491167608857e+02 6.385926867675781295e+02 8.433470735844877026e+02 4.363048046875000523e+02 5.134411535729894922e+02
3.044250549316406591e+02 3.206073868787329388e+02 1.386569915771484318e+02 1.799346469709897463e+02 6.382880297851562545e+02 8.436814707333279557e+02 4.352885058593750500e+02 5.120134260270979212e+02
3.043049743652343864e+02 3.206073868787329388e+02 1.385751159667968864e+02 1.797459895944432446e+02 6.362777026367188000e+02 8.437146814090689304e+02 4.340312744140625227e+02 5.114905553430944565e+02
3.030504730224609489e+02 3.169395256172674635e+02 1.385466613769531250e+02 1.797459895944432446e+02 6.360447729492187818e+02 8.440501419539303924e+02 4.335017626953125500e+02 5.114232544798951494e+02
3.030276489257812500e+02 3.169395256172674635e+02 1.383860549926757812e+02 1.793453573285516143e+02 6.352296417236328807e+02 8.444414716897550761e+02 4.334797509765625136e+02 5.111046765734266160e+02
3.028732635498046761e+02 3.168778221989654185e+02 1.380103912353515625e+02 1.789212838130599437e+02 6.347588342285156386e+02 8.444953776880637406e+02 4.330589306640625296e+02 5.107727819055944565e+02
3.028732635498046761e+02 3.168778221989654185e+02 1.380103912353515625e+02 1.788633887385345531e+02 6.287292840576171784e+02 8.458599601824258798e+02 4.309890087890625523e+02 5.084057446459790413e+02
3.026600738525390852e+02 3.159106403650277457e+02 1.381828491210937671e+02 1.787600135152250402e+02 6.287292840576171784e+02 8.458599601824258798e+02 4.288456347656250500e+02 5.054660525021853346e+02
3.026085754394531477e+02 3.155634074032103058e+02 1.380827087402343807e+02 1.786004617840763729e+02 6.282419964599610012e+02 8.458599601824258798e+02 4.288456347656250500e+02 5.054660525021853346e+02
3.026085754394531477e+02 3.155128677941019646e+02 1.380827087402343807e+02 1.779344003306314050e+02 6.282419964599610012e+02 8.458599601824258798e+02 4.309890087890625523e+02 5.084057446459790413e+02
3.026085754394531477e+02 3.151664872413609260e+02 1.380827087402343807e+02 1.779328742434140338e+02 6.283217797851563091e+02 8.458623323735502026e+02 4.327372656250000205e+02 5.099845662150349881e+02
3.026085754394531477e+02 3.151293662009385343e+02 1.380827087402343807e+02 1.779328742434140338e+02 6.283217797851563091e+02 8.458623323735502026e+02 4.327754443359375500e+02 5.100096290428322163e+02
3.026457366943359375e+02 3.150209727629052736e+02 1.380827087402343807e+02 1.779328742434140338e+02 6.283217797851563091e+02 8.458624959729380635e+02 4.328175537109375455e+02 5.100564084353147223e+02
3.026544708251953466e+02 3.150076916795541706e+02 1.381888092041015739e+02 1.782328809926941062e+02 6.283217797851563091e+02 8.459876495046713671e+02 4.328175537109375455e+02 5.100945148601398955e+02
3.026544708251953466e+02 3.150012573658809742e+02 1.383566116333007869e+02 1.782696720683127012e+02 6.286045996093749864e+02 8.459876495046713671e+02 4.328175537109375455e+02 5.103210363854895490e+02
3.026544708251953466e+02 3.149366667555460708e+02 1.384164459228515796e+02 1.782875589103828986e+02 6.286045996093749864e+02 8.458624959729380635e+02 4.328976025390625182e+02 5.103673718859266160e+02
3.027618347167968977e+02 3.149404338537222543e+02 1.384164459228515796e+02 1.783464851249200080e+02 6.286045996093749864e+02 8.460666680090205318e+02 4.330659033203125432e+02 5.104067758413461888e+02
3.028142120361328011e+02 3.149607816832871094e+02 1.383566116333007869e+02 1.784082985314899759e+02 6.287161572265625864e+02 8.455701438667847469e+02 4.330659033203125432e+02 5.106250000000000568e+02
3.028238800048828239e+02 3.149404338537222543e+02 1.381996994018554688e+02 1.784411162809300322e+02 6.331745770263672739e+02 8.454526795062821520e+02 4.333619677734375273e+02 5.106312827797203227e+02
3.028627716064453352e+02 3.149055400757252414e+02 1.381996994018554688e+02 1.784411162809300322e+02 6.331745770263672739e+02 8.451510840347132216e+02 4.334171337890625182e+02 5.106312827797203227e+02
3.028883697509765511e+02 3.149055400757252414e+02 1.381593246459960938e+02 1.784693832657849839e+02 6.331538031005859466e+02 8.451510840347132216e+02 4.335813671875000637e+02 5.106312827797203227e+02
3.028883697509765511e+02 3.149055400757252414e+02 1.381155441284179801e+02 1.786520600302634421e+02 6.331538031005859466e+02 8.451510840347132216e+02 4.335813671875000637e+02 5.106312827797203227e+02
3.029013610839843977e+02 3.149055400757252414e+02 1.376471969604492358e+02 1.787990181047354952e+02 6.331538031005859466e+02 8.451510840347132216e+02 4.336293896484375523e+02 5.106416288789336022e+02
3.029459106445312386e+02 3.157335867507465537e+02 1.376116973876953296e+02 1.788143477195765740e+02 6.289555072021485103e+02 8.458492444225192912e+02 4.336793261718750614e+02 5.107976398601398955e+02
3.032664916992187614e+02 3.162943619347269646e+02 1.376116973876953296e+02 1.787990181047354952e+02 6.288117663574219023e+02 8.461617192533826710e+02 4.336793261718750614e+02 5.107976398601398955e+02
3.033426544189453011e+02 3.163672291622227135e+02 1.376471969604492358e+02 1.787990181047354952e+02 6.281043487548828352e+02 8.462898175740979241e+02 4.337198632812500136e+02 5.106416288789336022e+02
3.035090698242187841e+02 3.164765025063992994e+02 1.379468490600586108e+02 1.788081746280396658e+02 6.279396295166015989e+02 8.465756257047357849e+02 4.337198632812500136e+02 5.105293924825174940e+02
3.035090698242187841e+02 3.164765025063992994e+02 1.384545959472656307e+02 1.788081746280396658e+02 6.279155023193359284e+02 8.466572617992911773e+02 4.337198632812500136e+02 5.105293924825174940e+02
3.035090698242187841e+02 3.164765025063992994e+02 1.384545959472656307e+02 1.788081746280396658e+02 6.279155023193359284e+02 8.466572617992911773e+02 4.337198632812500136e+02 5.105293924825174940e+02
3.030633270263671761e+02 3.162257842496800322e+02 1.384545959472656307e+02 1.794324817852762237e+02 6.279155023193359284e+02 8.466572617992911773e+02 4.337587255859375546e+02 5.106480823863636829e+02
3.028635681152343864e+02 3.153803594283276084e+02 1.383627090454101562e+02 1.794324817852762237e+02 6.282371301269531614e+02 8.466572617992911773e+02 4.337666552734375500e+02 5.107343340253497104e+02
3.028294555664062386e+02 3.153493702338417393e+02 1.382819183349609489e+02 1.794324817852762237e+02 6.283667218017578762e+02 8.467336627134342280e+02 4.337737646484375205e+02 5.108293952141608543e+02
3.028294555664062386e+02 3.153493702338417393e+02 1.382193923950195256e+02 1.794324817852762237e+02 6.283667218017578762e+02 8.467877323111307533e+02 4.337737646484375205e+02 5.109124030266608543e+02
3.028294555664062386e+02 3.153493702338417393e+02 1.382612228393554688e+02 1.794260062260025563e+02 6.282371301269531614e+02 8.467877323111307533e+02 4.337737646484375205e+02 5.109508850524475747e+02
3.030214965820312614e+02 3.155899695699125118e+02 1.382612228393554688e+02 1.794260062260025563e+02 6.279838354492187591e+02 8.467336627134342280e+02 4.337325097656250250e+02 5.109508850524475747e+02
3.030214965820312614e+02 3.161870958764398551e+02 1.382612228393554688e+02 1.794346678021011030e+02 6.279838354492187591e+02 8.466552168069425761e+02 4.336051562500000500e+02 5.109614360249126435e+02
3.030637939453125114e+02 3.163051132879159582e+02 1.382193923950195256e+02 1.794346678021011030e+02 6.278728094482422648e+02 8.466552168069425761e+02 4.336051562500000500e+02 5.109614360249126435e+02
3.031079040527343977e+02 3.167321977322419002e+02 1.380657211303710881e+02 1.794260062260025563e+02 6.278728094482422648e+02 8.465532125885953292e+02 4.336794287109375432e+02 5.109614360249126435e+02
3.031079040527343977e+02 3.168392438139931642e+02 1.380352066040039176e+02 1.794084630972696175e+02 6.281694512939453716e+02 8.465532125885953292e+02 4.336794287109375432e+02 5.109945572006119505e+02
3.031408630371093977e+02 3.168988024610708294e+02 1.380352066040039176e+02 1.794084630972696175e+02 6.283133557128907114e+02 8.469168940278672153e+02 4.337848730468750205e+02 5.110193468640734409e+02
3.031503662109375341e+02 3.169184903610281481e+02 1.380657211303710881e+02 1.794084630972696175e+02 6.281694512939453716e+02 8.469168940278672153e+02 4.338742187500000682e+02 5.110393561516608543e+02
3.032501220703125000e+02 3.171258732401877296e+02 1.380864166259765682e+02 1.798147872560260225e+02 6.284997485351563000e+02 8.465738261114689749e+02 4.340226611328125159e+02 5.112666630244755765e+02
3.032532257080078466e+02 3.171258732401877296e+02 1.380864166259765682e+02 1.822623699305407285e+02 6.285120166015625500e+02 8.465738261114689749e+02 4.345074658203125182e+02 5.113895869755245371e+02
3.032532257080078466e+02 3.171258732401877296e+02 1.381266952514648381e+02 1.822687767471469726e+02 6.285154107666015761e+02 8.465689999295263988e+02 4.345379199218750159e+02 5.114380394995629899e+02
3.032501220703125000e+02 3.170733263451898551e+02 1.380864166259765682e+02 1.825451497673581400e+02 6.285602301025390943e+02 8.465689999295263988e+02 4.345379199218750159e+02 5.114472587958916279e+02
3.032086486816406250e+02 3.169917425474615698e+02 1.381302108764648438e+02 1.828307205564739775e+02 6.285602301025390943e+02 8.465550939815559559e+02 4.345074658203125182e+02 5.114472587958916279e+02
3.032086486816406250e+02 3.169917425474615698e+02 1.381302108764648438e+02 1.828565540509012237e+02 6.285602301025390943e+02 8.465274456850031584e+02 4.344004833984375296e+02 5.116051819274475747e+02
3.032028259277344091e+02 3.169917425474615698e+02 1.381384506225585938e+02 1.829270840277036996e+02 6.274815808105469159e+02 8.465274456850031584e+02 4.342079833984375341e+02 5.116316788680070431e+02
3.031912353515625114e+02 3.169610008265784700e+02 1.381384506225585938e+02 1.831636137978615579e+02 6.273312969970703534e+02 8.465430694265463671e+02 4.340709570312500318e+02 5.116051819274475747e+02
3.030756042480468864e+02 3.169610008265784700e+02 1.381384506225585938e+02 1.831838241420915097e+02 6.273312969970703534e+02 8.465274456850031584e+02 4.337896923828125182e+02 5.116051819274475747e+02
3.029648071289062727e+02 3.166644174621373509e+02 1.381336578369140682e+02 1.831996762012051931e+02 6.273312969970703534e+02 8.465274456850031584e+02 4.337896923828125182e+02 5.115303348994755765e+02
3.028898529052734716e+02 3.166644174621373509e+02 1.381115478515625057e+02 1.831996762012051931e+02 6.279234356689453307e+02 8.458314938889335508e+02 4.337484033203125477e+02 5.115201253824300807e+02
3.028808715820312614e+02 3.166644174621373509e+02 1.380882843017578239e+02 1.832105925367960708e+02 6.282215905761719341e+02 8.458314938889335508e+02 4.337484033203125477e+02 5.114705802010489606e+02
3.028808715820312614e+02 3.167953859921608455e+02 1.372877380371093921e+02 1.839272898390838122e+02 6.283550262451171875e+02 8.458294488965849496e+02 4.338507714843750591e+02 5.115201253824300807e+02
3.028898529052734716e+02 3.169667202165102253e+02 1.372877380371093921e+02 1.839272898390838122e+02 6.285627246093749818e+02 8.458314938889335508e+02 4.340710253906250387e+02 5.115201253824300807e+02
3.029080352783203125e+02 3.169667202165102253e+02 1.380882843017578239e+02 1.831921832504532688e+02 6.286081573486328580e+02 8.458352566748549179e+02 4.340802539062500500e+02 5.116411713286713621e+02
3.048023254394531136e+02 3.204824127093110064e+02 1.381307327270507983e+02 1.831921832504532688e+02 6.287096960449218841e+02 8.459114939896101077e+02 4.340802539062500500e+02 5.116411713286713621e+02
3.048225952148437727e+02 3.204963812193365698e+02 1.381469238281250114e+02 1.828773968276717028e+02 6.294229205322266125e+02 8.459082220018524367e+02 4.340802539062500500e+02 5.116411713286713621e+02
3.048225952148437727e+02 3.204963812193365698e+02 1.381469238281250114e+02 1.828773968276717028e+02 6.295682562255859693e+02 8.460107170183633798e+02 4.337986816406250341e+02 5.114375273164336022e+02
3.048023254394531136e+02 3.204963812193365698e+02 1.381307327270507983e+02 1.828773968276717028e+02 6.295682562255859693e+02 8.459492036485179369e+02 4.334978662109375591e+02 5.110769503933566966e+02
3.048113891601562386e+02 3.205620717123506438e+02 1.381134292602539233e+02 1.828693264385132125e+02 6.294760412597656796e+02 8.460107170183633798e+02 4.334978662109375591e+02 5.110769503933566966e+02
3.048225952148437727e+02 3.206181382319219324e+02 1.380749633789062614e+02 1.829008518258052334e+02 6.294229205322266125e+02 8.460506352690076710e+02 4.334978662109375591e+02 5.110348489401224015e+02
3.048113891601562386e+02 3.207631577631719324e+02 1.372639938354492131e+02 1.836380756885932044e+02 6.294760412597656796e+02 8.462818830037854241e+02 4.337886328125000546e+02 5.110348489401224015e+02
3.047890869140625227e+02 3.208637420341830193e+02 1.371148406982422046e+02 1.836973868620680435e+02 6.294030871582031068e+02 8.463865048123388988e+02 4.337886328125000546e+02 5.110780430506993639e+02
3.047675811767578011e+02 3.208663267584790901e+02 1.367889312744140682e+02 1.836973868620680435e+02 6.294671673583984557e+02 8.464757482784309559e+02 4.337914697265625250e+02 5.110780430506993639e+02
3.047675811767578011e+02 3.209005056127346052e+02 1.367771896362304744e+02 1.838270630299434742e+02 6.294030871582031068e+02 8.465913312459729241e+02 4.337909912109375341e+02 5.110348489401224015e+02
3.047675811767578011e+02 3.209120543808660386e+02 1.367709686279297046e+02 1.838344597409609662e+02 6.293274749755860284e+02 8.467716995711178924e+02 4.337909912109375341e+02 5.108093517810315234e+02
3.048348999023437500e+02 3.211207021251066180e+02 1.367709686279297046e+02 1.838674699698698873e+02 6.292939831542969387e+02 8.467116585957634243e+02 4.337346972656250159e+02 5.107135393902972282e+02
3.048492095947265739e+02 3.211207021251066180e+02 1.367567825317382812e+02 1.839091142778103745e+02 6.293274749755860284e+02 8.465913312459729241e+02 4.337010302734375387e+02 5.105082222465035215e+02
3.048581085205078125e+02 3.211207021251066180e+02 1.365042755126953296e+02 1.842188962344016545e+02 6.293274749755860284e+02 8.465913312459729241e+02 4.336560156250000659e+02 5.104851398601398955e+02
3.048680511474609602e+02 3.211128379639504828e+02 1.361657867431640625e+02 1.844168338710537398e+02 6.297316259765625546e+02 8.463236008476964116e+02 4.330945800781250341e+02 5.102574915319056572e+02
3.048680511474609602e+02 3.210892454804820773e+02 1.361657867431640625e+02 1.844168338710537398e+02 6.301928234863281659e+02 8.461065862596649367e+02 4.330080371093750387e+02 5.102574915319056572e+02
3.048723358154297216e+02 3.210664504119560547e+02 1.361657867431640625e+02 1.844168338710537398e+02 6.303096154785156386e+02 8.461065862596649367e+02 4.329241259765625500e+02 5.102574915319056572e+02
3.048742034912109489e+02 3.210668353708937843e+02 1.364625961303711108e+02 1.842384054034236271e+02 6.303096154785156386e+02 8.463236008476964116e+02 4.328849902343750387e+02 5.102574915319056572e+02
3.048810699462890739e+02 3.210892454804820773e+02 1.364668533325195483e+02 1.841957437040049115e+02 6.303096154785156386e+02 8.459174653672679369e+02 4.328849902343750387e+02 5.103003783326049074e+02
3.048999114990234602e+02 3.210892454804820773e+02 1.364668533325195483e+02 1.841955374760025563e+02 6.302981243896484784e+02 8.460642958178962090e+02 4.328849902343750387e+02 5.103003783326049074e+02
3.048999114990234602e+02 3.210668353708937843e+02 1.364625961303711108e+02 1.841809915275703986e+02 6.302981243896484784e+02 8.460642958178962090e+02 4.329241259765625500e+02 5.101443332058566966e+02
3.048999114990234602e+02 3.210668353708937843e+02 1.364559906005859489e+02 1.840331397984215016e+02 6.302981243896484784e+02 8.458570153934439304e+02 4.329754980468750318e+02 5.101443332058566966e+02
3.049036743164062386e+02 3.210575413622547103e+02 1.362960983276367131e+02 1.837940665495680435e+02 6.304991979980469523e+02 8.457410234274323102e+02 4.330002099609375250e+02 5.103099390843531751e+02
3.048887054443359261e+02 3.210025747253625923e+02 1.362951644897460994e+02 1.836985967330151368e+02 6.304991979980469523e+02 8.457410234274323102e+02 4.334297460937500546e+02 5.103099390843531751e+02
3.048405029296874886e+02 3.209575620267171416e+02 1.362755676269531193e+02 1.836691061286796014e+02 6.305401733398438182e+02 8.457410234274323102e+02 4.334299853515625500e+02 5.103226412259616041e+02
3.047030914306640739e+02 3.207822682247227135e+02 1.362582778930664062e+02 1.836691061286796014e+02 6.306558203125000546e+02 8.463008605327802343e+02 4.334872021484375182e+02 5.103226412259616041e+02
3.046966644287109602e+02 3.207714618773997586e+02 1.362515762329101676e+02 1.836682124740027575e+02 6.306558203125000546e+02 8.469479779115656584e+02 4.334872021484375182e+02 5.103226412259616041e+02
3.046936706542969091e+02 3.207714618773997586e+02 1.362515762329101676e+02 1.836550276303860869e+02 6.304106634521484693e+02 8.472642973280444494e+02 4.335179296875000432e+02 5.103172462303322163e+02
3.046375579833984375e+02 3.207714618773997586e+02 1.362095809936523381e+02 1.836550276303860869e+02 6.306558203125000546e+02 8.472677329151899812e+02 4.337318603515625455e+02 5.103172462303322163e+02
3.046352233886718750e+02 3.207640926634492189e+02 1.362082901000976562e+02 1.836550276303860869e+02 6.306612182617187727e+02 8.472677329151899812e+02 4.338653320312500341e+02 5.103172462303322163e+02
3.046352233886718750e+02 3.208259610641531481e+02 1.362053100585937671e+02 1.836736156476642350e+02 6.308313763427735239e+02 8.472677329151899812e+02 4.338829345703125568e+02 5.105541480004371238e+02
3.046375579833984375e+02 3.208367399144091223e+02 1.361854934692382812e+02 1.836736156476642350e+02 6.311550079345703352e+02 8.473167309318620255e+02 4.341458105468750546e+02 5.107241586538461888e+02
3.047127319335937727e+02 3.209848666142278262e+02 1.361829116821289176e+02 1.836736156476642350e+02 6.311550079345703352e+02 8.473268740939109875e+02 4.341823486328125341e+02 5.108341072989510963e+02
3.048138336181640966e+02 3.210990344363268036e+02 1.361829116821289176e+02 1.835673807293888729e+02 6.311550079345703352e+02 8.473564037834245255e+02 4.342835205078125682e+02 5.108880231097028286e+02
3.048445678710937727e+02 3.211495465483681642e+02 1.361829116821289176e+02 1.835502225595936352e+02 6.307439868164062773e+02 8.475016800398678924e+02 4.346206689453125591e+02 5.111547339379371238e+02
3.048480560302734261e+02 3.211495465483681642e+02 1.361829116821289176e+02 1.835408598082871094e+02 6.304684460449219614e+02 8.475016800398678924e+02 4.346206689453125591e+02 5.111547339379371238e+02
3.048587677001953011e+02 3.211528736934727135e+02 1.361840103149414176e+02 1.835028313646544404e+02 6.303323931884765443e+02 8.475861791237113039e+02 4.346206689453125591e+02 5.111547339379371238e+02
3.048587677001953011e+02 3.211528736934727135e+02 1.361840103149414176e+02 1.833578668275384018e+02 6.304684460449219614e+02 8.475016800398678924e+02 4.346081250000000296e+02 5.110565655048077360e+02
3.048595916748046761e+02 3.211528736934727135e+02 1.361840103149414176e+02 1.833489165322365579e+02 6.304684460449219614e+02 8.474237249315399367e+02 4.345256494140625136e+02 5.109935328343531751e+02
3.048587677001953011e+02 3.211528736934727135e+02 1.361756469726562671e+02 1.833489165322365579e+02 6.304684460449219614e+02 8.472704323050901394e+02 4.344707910156250250e+02 5.109693577906468818e+02
3.048508300781250000e+02 3.211540835644198069e+02 1.361840103149414176e+02 1.833207595356495290e+02 6.334517535400391353e+02 8.468413111106635824e+02 4.344643994140625409e+02 5.109274953562063502e+02
3.048344329833984716e+02 3.211805632399210708e+02 1.362148132324218750e+02 1.832769429594176529e+02 6.346176287841797148e+02 8.466055643927189749e+02 4.344707910156250250e+02 5.109693577906468818e+02
3.047758209228515511e+02 3.211929369200618680e+02 1.362148132324218750e+02 1.832769429594176529e+02 6.346761474609375000e+02 8.463923943903027975e+02 4.344707910156250250e+02 5.109935328343531751e+02
3.047745025634765739e+02 3.212154845149850644e+02 1.362148132324218750e+02 1.833464005506079388e+02 6.346798278808594205e+02 8.462050730911726077e+02 4.348606787109375205e+02 5.110242979676573896e+02
3.047745025634765739e+02 3.213638311913395569e+02 1.362148132324218750e+02 1.833464005506079388e+02 6.347778088378906887e+02 8.462050730911726077e+02 4.352876513671875500e+02 5.112826431381119505e+02
3.047758209228515511e+02 3.213676532836497586e+02 1.361336517333984375e+02 1.834926437013385225e+02 6.350239471435547784e+02 8.462050730911726077e+02 4.352876513671875500e+02 5.114636145104895490e+02
3.047938659667968864e+02 3.213676532836497586e+02 1.361047714233398551e+02 1.834952146771011030e+02 6.351574645996093977e+02 8.464844190459889433e+02 4.352876513671875500e+02 5.115320421765734409e+02
3.048048797607422102e+02 3.213638311913395569e+02 1.360461868286132869e+02 1.834952146771011030e+02 6.353072576904297648e+02 8.465116583440720888e+02 4.351254003906250318e+02 5.116082550262237874e+02
3.048517364501953466e+02 3.213494777223762640e+02 1.360461868286132869e+02 1.835068184393664694e+02 6.353072576904297648e+02 8.466225787290592280e+02 4.351054736328125614e+02 5.116861410074300807e+02
3.048761535644531477e+02 3.213053174328071577e+02 1.360461868286132869e+02 1.835068184393664694e+02 6.351574645996093977e+02 8.466908814735019178e+02 4.349523486328125159e+02 5.118132307145979212e+02
3.049222137451171761e+02 3.212487559660302736e+02 1.362041015625000000e+02 1.835068184393664694e+02 6.351574645996093977e+02 8.473498598079090698e+02 4.349523486328125159e+02 5.118371667395105078e+02
3.049222137451171761e+02 3.212479035569539292e+02 1.362118743896484432e+02 1.834405092623453299e+02 6.350384643554688182e+02 8.473498598079090698e+02 4.349523486328125159e+02 5.118371667395105078e+02
3.049222137451171761e+02 3.211742664115827779e+02 1.362336135864257756e+02 1.834405092623453299e+02 6.350384643554688182e+02 8.473743179163981267e+02 4.349842382812500432e+02 5.118804291411713621e+02
3.048679687499999886e+02 3.211667322152303541e+02 1.362118743896484432e+02 1.833832328718270048e+02 6.350384643554688182e+02 8.473650745509825128e+02 4.350248437500000591e+02 5.119358815013112007e+02
3.048302032470703011e+02 3.210783016478242189e+02 1.362337646484375000e+02 1.832801463677207607e+02 6.352070684814453898e+02 8.473498598079090698e+02 4.350255957031250205e+02 5.120268452250874134e+02
3.048280059814453011e+02 3.210265796648357650e+02 1.362337646484375000e+02 1.832801463677207607e+02 6.350384643554688182e+02 8.473471604180089116e+02 4.350444970703125591e+02 5.121080433238636260e+02
3.048143554687500227e+02 3.210252323085537682e+02 1.361853012084960994e+02 1.832801463677207607e+02 6.348233233642578170e+02 8.473650745509825128e+02 4.350444970703125591e+02 5.121080433238636260e+02
3.048050170898437727e+02 3.209510177247760225e+02 1.361804260253906307e+02 1.840059726962457205e+02 6.348233233642578170e+02 8.473471604180089116e+02 4.350444970703125591e+02 5.121080433238636260e+02
3.048143554687500227e+02 3.209039702431740579e+02 1.361804260253906307e+02 1.840405640065059742e+02 6.348880169677735239e+02 8.473471604180089116e+02 4.347995654296875614e+02 5.121080433238636260e+02
3.048050170898437727e+02 3.209039702431740579e+02 1.361628204345703068e+02 1.841129912809300322e+02 6.348880169677735239e+02 8.473424160357602659e+02 4.346658886718750523e+02 5.120339133522727479e+02
3.048050170898437727e+02 3.209039702431740579e+02 1.361188201904296875e+02 1.842393128066339614e+02 6.351569329833985194e+02 8.473424160357602659e+02 4.346339306640625182e+02 5.119790756118881632e+02
3.048224304199218864e+02 3.209054825818579388e+02 1.361188201904296875e+02 1.842839817919421819e+02 6.356377185058594250e+02 8.473097779578769178e+02 4.345140283203125477e+02 5.119745684003497104e+02
3.048252593994140511e+02 3.210352412409342833e+02 1.361188201904296875e+02 1.843915090723656078e+02 6.356377185058594250e+02 8.472181623006604241e+02 4.344555810546875136e+02 5.119688319493007498e+02
3.048971923828125341e+02 3.210352412409342833e+02 1.361475357055664119e+02 1.844164489121160386e+02 6.356559979248047512e+02 8.471144402887402975e+02 4.344555810546875136e+02 5.119525445257867773e+02
3.049039489746093636e+02 3.210352412409342833e+02 1.363917755126953182e+02 1.846060961830737881e+02 6.362499768066406887e+02 8.463501857482280002e+02 4.344751318359375318e+02 5.119525445257867773e+02
3.049154022216796989e+02 3.209818694339270451e+02 1.366351776123046875e+02 1.846060961830737881e+02 6.356377185058594250e+02 8.463501857482280002e+02 4.344555810546875136e+02 5.119034432364510963e+02
3.049154022216796989e+02 3.209412012718643155e+02 1.366351776123046875e+02 1.846060961830737881e+02 6.356293353271485103e+02 8.463501857482280002e+02 4.343187255859375568e+02 5.117895337084790413e+02
3.049039489746093636e+02 3.209278651943792511e+02 1.366351776123046875e+02 1.846041851369187157e+02 6.359281854248047239e+02 8.463501857482280002e+02 4.342820849609375387e+02 5.118747268356643758e+02
3.048801086425781364e+02 3.209268203058340418e+02 1.365249847412109432e+02 1.843487923788129308e+02 6.359281854248047239e+02 8.465302268745972469e+02 4.342820849609375387e+02 5.118251133631993639e+02
3.048635467529297216e+02 3.209265453351642350e+02 1.365249847412109432e+02 1.843091966023624195e+02 6.356293353271485103e+02 8.467434786767074684e+02 4.341775976562500432e+02 5.117936653190560037e+02
3.048635467529297216e+02 3.209268203058340418e+02 1.365249847412109432e+02 1.843026797974882527e+02 6.359281854248047239e+02 8.467434786767074684e+02 4.342297900390625500e+02 5.118251133631993639e+02
3.048622283935546875e+02 3.209268203058340418e+02 1.365264816284179688e+02 1.843026797974882527e+02 6.360451818847656114e+02 8.465302268745972469e+02 4.342297900390625500e+02 5.118251133631993639e+02
3.048528900146484375e+02 3.209265453351642350e+02 1.365326339721679858e+02 1.843026797974882527e+02 6.373278900146484602e+02 8.461321077641752026e+02 4.342297900390625500e+02 5.117936653190560037e+02
3.046740325927734716e+02 3.206909229682167393e+02 1.365716354370117358e+02 1.843771693519357768e+02 6.373568426513671739e+02 8.461292447748871837e+02 4.342297900390625500e+02 5.117849582058566966e+02
3.046740325927734716e+02 3.206909229682167393e+02 1.365716354370117358e+02 1.843932276390518155e+02 6.376013861083985148e+02 8.459869951071198102e+02 4.342452392578125568e+02 5.117849582058566966e+02
3.046740325927734716e+02 3.206909229682167393e+02 1.365716354370117358e+02 1.843932276390518155e+02 6.378689935302734284e+02 8.459869951071198102e+02 4.342887158203125182e+02 5.117849582058566966e+02
3.047977386474609602e+02 3.208770506146011030e+02 1.365684494018554744e+02 1.843932276390518155e+02 6.378689935302734284e+02 8.461292447748871837e+02 4.343038916015625546e+02 5.117849582058566966e+02
3.048138061523437727e+02 3.210178905916702092e+02 1.365604705810546875e+02 1.843819950871906883e+02 6.378689935302734284e+02 8.463200016611629053e+02 4.343038916015625546e+02 5.117425152972028286e+02
3.048175689697265511e+02 3.210178905916702092e+02 1.365604705810546875e+02 1.843818301047888042e+02 6.376740539550781932e+02 8.463200016611629053e+02 4.343099414062500614e+02 5.118134355878497104e+02
3.048195739746093977e+02 3.210180005799381320e+02 1.365604705810546875e+02 1.843804964970402978e+02 6.374470129394532023e+02 8.463200016611629053e+02 4.343099414062500614e+02 5.117787095716783483e+02
3.048575042724609716e+02 3.210180555740720933e+02 1.365679550170898438e+02 1.843621009592310145e+02 6.367840875244140761e+02 8.463200016611629053e+02 4.345254785156250250e+02 5.117787095716783483e+02
3.048575042724609716e+02 3.210906478308980354e+02 1.365714157104492301e+02 1.843444615907636432e+02 6.367840875244140761e+02 8.463487951534309559e+02 4.346074755859375500e+02 5.117789144449300807e+02
3.048575866699218864e+02 3.211392351482508616e+02 1.365726791381835881e+02 1.843391134112361271e+02 6.367840875244140761e+02 8.460362385228736457e+02 4.346602148437500546e+02 5.118680001638986141e+02
3.048575042724609716e+02 3.211392351482508616e+02 1.365726791381835881e+02 1.843330778050341223e+02 6.378916894531250819e+02 8.463056867147229241e+02 4.350370117187500227e+02 5.123254479895105078e+02
3.048575042724609716e+02 3.211392351482508616e+02 1.365879364013671875e+02 1.842955168115400966e+02 6.380105261230469296e+02 8.463056867147229241e+02 4.350370117187500227e+02 5.123496913243006929e+02
3.048575866699218864e+02 3.211185023597482768e+02 1.368111648559570312e+02 1.842955168115400966e+02 6.380105261230469296e+02 8.462494903249838671e+02 4.350370117187500227e+02 5.123496913243006929e+02
3.048708801269531250e+02 3.211036264465123509e+02 1.368132797241210881e+02 1.842658612248026770e+02 6.380105261230469296e+02 8.460165247966333482e+02 4.350301757812500227e+02 5.123496913243006929e+02
3.048708801269531250e+02 3.211009592310153380e+02 1.368283996582031250e+02 1.842658612248026770e+02 6.380105261230469296e+02 8.462494903249838671e+02 4.350301757812500227e+02 5.124012169471154721e+02
3.048782684326171761e+02 3.209559946938992994e+02 1.368283996582031250e+02 1.842617779103562157e+02 6.377115942382812364e+02 8.462494903249838671e+02 4.350301757812500227e+02 5.124161385489510394e+02
3.048998291015624886e+02 3.208730085457551127e+02 1.368283996582031250e+02 1.842587119873880113e+02 6.374761700439453307e+02 8.465022513792686141e+02 4.350357128906250637e+02 5.126332017591784052e+02
3.048998291015624886e+02 3.208517258159129710e+02 1.368050949096679858e+02 1.842587119873880113e+02 6.374761700439453307e+02 8.465143577339722469e+02 4.350357128906250637e+02 5.126332017591784052e+02
3.048945007324218750e+02 3.208209840950298712e+02 1.368050949096679858e+02 1.842617779103562157e+02 6.373199157714843750e+02 8.468502272773033610e+02 4.350357128906250637e+02 5.126332017591784052e+02
3.048945007324218750e+02 3.208209840950298712e+02 1.368050949096679858e+02 1.842840505346096336e+02 6.364682666015625045e+02 8.470521089219554369e+02 4.350221777343750205e+02 5.125815395541958424e+02
3.048011993408203466e+02 3.208018736334790901e+02 1.368563461303710938e+02 1.844175625433286996e+02 6.364682666015625045e+02 8.470750946359535192e+02 4.345724755859375250e+02 5.125141021088287516e+02
3.047442077636719091e+02 3.207229020571139131e+02 1.368563461303710938e+02 1.844434785289569163e+02 6.364682666015625045e+02 8.470750946359535192e+02 4.345724755859375250e+02 5.125141021088287516e+02
3.047219604492187841e+02 3.206852860694859260e+02 1.368692550659179688e+02 1.844434785289569163e+02 6.363877471923829034e+02 8.470521089219554369e+02 4.345724755859375250e+02 5.125141021088287516e+02
3.046676055908203011e+02 3.206615835977495408e+02 1.368740753173828182e+02 1.844434785289569163e+02 6.365193017578125136e+02 8.467612292102930951e+02 4.350640136718750455e+02 5.131476726398601613e+02
3.028116027832031136e+02 3.167253234654970129e+02 1.370333633422851562e+02 1.844274064933073873e+02 6.365743853759765898e+02 8.464382022189109875e+02 4.350640136718750455e+02 5.131476726398601613e+02
3.028116027832031136e+02 3.167253234654970129e+02 1.382200241088867188e+02 1.836848619480588809e+02 6.365743853759765898e+02 8.464382022189109875e+02 4.350640136718750455e+02 5.131476726398601613e+02
3.028116027832031136e+02 3.167253234654970129e+02 1.382200241088867188e+02 1.836585060093590016e+02 6.365844451904297330e+02 8.464382022189109875e+02 4.349419238281250273e+02 5.128642304960665115e+02
3.046004241943359716e+02 3.203926072885558938e+02 1.382200241088867188e+02 1.834045156016691465e+02 6.370608551025391080e+02 8.465827422781088671e+02 4.347017431640625205e+02 5.125629643793706691e+02
3.046006988525390966e+02 3.203929097562926245e+02 1.382200241088867188e+02 1.831926232035249598e+02 6.375015240478516034e+02 8.467123129933149812e+02 4.345262988281250500e+02 5.121915974650349881e+02
3.046027587890625341e+02 3.203934322005652575e+02 1.382200241088867188e+02 1.831926232035249598e+02 6.386864965820312818e+02 8.467843785236790382e+02 4.344575976562500159e+02 5.120940095061189368e+02
3.046027587890625341e+02 3.203934322005652575e+02 1.381940551757812443e+02 1.831926232035249598e+02 6.386899316406249909e+02 8.468727221931378608e+02 4.345262988281250500e+02 5.117585637019230944e+02
3.046029510498046875e+02 3.204005264438459903e+02 1.381940551757812443e+02 1.832220588137265338e+02 6.387681610107422330e+02 8.472075283404477659e+02 4.345722705078125614e+02 5.117585637019230944e+02
3.046029510498046875e+02 3.204010488881185665e+02 1.381704895019531421e+02 1.832260321399050724e+02 6.387681610107422330e+02 8.472075283404477659e+02 4.345722705078125614e+02 5.117585637019230944e+02
3.046034454345703466e+02 3.204010488881185665e+02 1.381704895019531421e+02 1.832260321399050724e+02 6.386899316406249909e+02 8.472075283404477659e+02 4.345907617187500591e+02 5.119242720170454959e+02
3.046029510498046875e+02 3.204005264438459903e+02 1.381704895019531421e+02 1.832220588137265338e+02 6.379767480468750591e+02 8.467174663740333926e+02 4.346494482421875318e+02 5.119554468968531751e+02
3.046034454345703466e+02 3.204005264438459903e+02 1.381703247070312557e+02 1.831947267291488970e+02 6.377798046875000182e+02 8.466381206709083926e+02 4.346494482421875318e+02 5.119857681381119505e+02
3.046160522460937727e+02 3.204010488881185665e+02 1.381735382080078125e+02 1.831947267291488970e+02 6.377261932373047557e+02 8.465871594615817912e+02 4.346494482421875318e+02 5.119857681381119505e+02
3.046160522460937727e+02 3.204003064673101449e+02 1.381789215087890739e+02 1.831947267291488970e+02 6.375939843749999909e+02 8.465871594615817912e+02 4.344444384765625387e+02 5.119857681381119505e+02
3.046114654541015625e+02 3.204003064673101449e+02 1.381816131591797046e+02 1.832207252059780274e+02 6.374868023681641489e+02 8.465871594615817912e+02 4.344155908203125591e+02 5.119036822552448029e+02
3.046114654541015625e+02 3.204003064673101449e+02 1.383285003662109318e+02 1.832361923061540097e+02 6.374868023681641489e+02 8.466258507168168990e+02 4.344155908203125591e+02 5.119036822552448029e+02
3.046114654541015625e+02 3.203404178554287682e+02 1.383557464599609546e+02 1.833602865694325885e+02 6.375554626464844432e+02 8.466258507168168990e+02 4.344098486328125546e+02 5.118921410620629899e+02
3.046058349609375000e+02 3.203404178554287682e+02 1.383564331054687671e+02 1.833612902123773267e+02 6.375939843749999909e+02 8.466258507168168990e+02 4.344098486328125546e+02 5.118921410620629899e+02
3.028154205322265966e+02 3.167305479082231159e+02 1.383582595825195369e+02 1.833637374513385225e+02 6.375554626464844432e+02 8.463008605327802343e+02 4.344688085937500546e+02 5.119129015515734409e+02
3.028722473144531477e+02 3.167305479082231159e+02 1.383588638305664062e+02 1.833657034916275563e+02 6.375554626464844432e+02 8.462044186936210508e+02 4.344865478515625341e+02 5.120291671219406453e+02
3.029910369873047102e+02 3.164748526823805150e+02 1.383564331054687671e+02 1.833612902123773267e+02 6.378234381103516171e+02 8.460787743637241647e+02 4.345417822265625318e+02 5.121010434877622401e+02
3.028722473144531477e+02 3.164348994440592833e+02 1.383564331054687671e+02 1.833612902123773267e+02 6.373101831054688091e+02 8.460166065963272786e+02 4.345417822265625318e+02 5.121010434877622401e+02
3.028722473144531477e+02 3.164111144811220129e+02 1.379632186889648438e+02 1.835690580504746094e+02 6.372160870361328762e+02 8.455776694386274812e+02 4.345417822265625318e+02 5.121010434877622401e+02
3.029526397705078011e+02 3.162686521771011030e+02 1.379632186889648438e+02 1.832606784442992591e+02 6.373101831054688091e+02 8.455776694386274812e+02 4.342972607421875182e+02 5.117332277097902420e+02
3.029910369873047102e+02 3.161785167915422221e+02 1.379632186889648438e+02 1.829998962610654871e+02 6.373629766845702989e+02 8.456526797579734875e+02 4.341714111328125227e+02 5.116965895432692832e+02
3.030156463623047216e+02 3.161666105615400966e+02 1.380337509155273494e+02 1.825273866620893841e+02 6.373629766845702989e+02 8.456824548465689304e+02 4.339927539062500159e+02 5.114416930725524821e+02
3.030156463623047216e+02 3.161591313593216341e+02 1.380583740234374943e+02 1.824493499860014936e+02 6.373629766845702989e+02 8.456824548465689304e+02 4.339927539062500159e+02 5.113634314903846416e+02
3.030247100830078466e+02 3.161591313593216341e+02 1.383221694946289233e+02 1.823575235308233857e+02 6.375160003662109602e+02 8.456824548465689304e+02 4.339927539062500159e+02 5.113027207167832557e+02
3.030247100830078466e+02 3.161785167915422221e+02 1.383221694946289233e+02 1.823575235308233857e+02 6.378865777587891444e+02 8.456824548465689304e+02 4.340262500000000614e+02 5.113027207167832557e+02
3.030913421630859261e+02 3.162467645117853863e+02 1.383221694946289233e+02 1.823575235308233857e+02 6.375160003662109602e+02 8.454947245489689749e+02 4.342742919921875568e+02 5.113634314903846416e+02
3.032574829101562841e+02 3.165592961750746213e+02 1.381611785888671875e+02 1.824792118007412398e+02 6.374715490722657023e+02 8.454947245489689749e+02 4.346154736328125523e+02 5.114750191215035215e+02
3.034061279296875000e+02 3.166246567032849839e+02 1.380684951782226619e+02 1.826571040755652575e+02 6.374715490722657023e+02 8.454947245489689749e+02 4.347407421875000182e+02 5.115261349978147223e+02
3.034061279296875000e+02 3.166455269771224152e+02 1.380380493164062443e+02 1.826681716450245290e+02 6.374715490722657023e+02 8.458186513369844306e+02 4.347407421875000182e+02 5.115264423076923208e+02
3.034061279296875000e+02 3.166782209897610869e+02 1.379812362670898551e+02 1.827459883445765740e+02 6.374231719970703125e+02 8.459743979542524812e+02 4.347407421875000182e+02 5.115264423076923208e+02
3.034010742187500114e+02 3.166766261598762640e+02 1.379812362670898551e+02 1.827459883445765740e+02 6.374715490722657023e+02 8.461259727871293990e+02 4.347224560546875409e+02 5.115403053977273089e+02
3.033807769775390852e+02 3.166766261598762640e+02 1.374022155761718693e+02 1.841437055047461513e+02 6.374231719970703125e+02 8.461259727871293990e+02 4.347224560546875409e+02 5.115625682910839487e+02
3.033804748535156364e+02 3.166766261598762640e+02 1.373997711181640682e+02 1.841437055047461513e+02 6.374231719970703125e+02 8.461259727871293990e+02 4.344944775390625296e+02 5.115625682910839487e+02
3.033794311523437841e+02 3.166766261598762640e+02 1.373547958374023494e+02 1.841437055047461513e+02 6.372627056884765580e+02 8.461259727871293990e+02 4.343932373046875455e+02 5.115625682910839487e+02
