2.988037902832031136e+02 3.766399475722589614e+02 1.191094573974609432e+02 2.731821780676727940e+02 8.141118310546875136e+02 7.390121365576674179e+02 3.003148681640625455e+02 2.495393552980222918e+00
2.988048339843750227e+02 3.766575456951258616e+02 1.191098007202148494e+02 2.732662915955631320e+02 8.144519018554688046e+02 7.395808080299613039e+02 3.003877050781250091e+02 2.510651808518630013e+00
2.988048339843750227e+02 3.766575456951258616e+02 1.191401504516601619e+02 2.733317621120413605e+02 8.144519018554688046e+02 7.395808080299613039e+02 3.003877050781250091e+02 2.516133768575175012e+00
2.988037902832031136e+02 3.766575456951258616e+02 1.191516860961914119e+02 2.733699555380759421e+02 8.144541918945312773e+02 7.396222804747905002e+02 3.004075292968750546e+02 2.516133768575175012e+00
2.987996978759765625e+02 3.766579856481974957e+02 1.191516860961914119e+02 2.735698592150170612e+02 8.144541918945312773e+02 7.396222804747905002e+02 3.004381201171875091e+02 2.510651808518630013e+00
2.987805267333984602e+02 3.766727515731654989e+02 1.191516860961914119e+02 2.736056603962243798e+02 8.147312048339844068e+02 7.398201539344394178e+02 3.004461181640625114e+02 2.464231477750765009e+00
2.987755554199218864e+02 3.766727515731654989e+02 1.191516860961914119e+02 2.736056603962243798e+02 8.159676623535157205e+02 7.398418308533343861e+02 3.004566455078125387e+02 2.382620964850579171e+00
2.987600646972656477e+02 3.766727515731654989e+02 1.191488845825195284e+02 2.736056603962243798e+02 8.161244482421875546e+02 7.405228133054123418e+02 3.004860400390625159e+02 2.382443568089625430e+00
2.987511932373046761e+02 3.766727515731654989e+02 1.191426361083984347e+02 2.736120672128305955e+02 8.161244482421875546e+02 7.407273125402705318e+02 3.005161523437500364e+02 2.318343582686844595e+00
2.987261718750000341e+02 3.766727515731654989e+02 1.190481948852539062e+02 2.736209762625319968e+02 8.162536718750000091e+02 7.407432634805894622e+02 3.005428808593750318e+02 2.318343582686844595e+00
2.987261718750000341e+02 3.766880674394731159e+02 1.190481948852539062e+02 2.736659339670434861e+02 8.163083056640625728e+02 7.407432634805894622e+02 3.005837939453125500e+02 2.318343582686844595e+00
2.987261718750000341e+02 3.767711085817512640e+02 1.190481948852539062e+02 2.737897807567192672e+02 8.169492712402344523e+02 7.407273125402705318e+02 3.006319189453125205e+02 2.325295935143957937e+00
2.987261718750000341e+02 3.767740507679180837e+02 2.245197326660156421e+02 3.186167917088843637e+02 8.185916381835937727e+02 7.406341426888691331e+02 3.006319189453125205e+02 2.333687202080146683e+00
2.987617675781249886e+02 3.768459281010025279e+02 2.248135345458984489e+02 3.194424186420114893e+02 8.210340466308593932e+02 7.402635900753059559e+02 3.006077197265625500e+02 2.333687202080146683e+00
2.987661621093749886e+02 3.768829391531569968e+02 2.257549392700195483e+02 3.249898694139291706e+02 8.233584362792969387e+02 7.393054702601481267e+02 3.005847167968750568e+02 2.341662586985768346e+00
2.987661621093749886e+02 3.770738787862628101e+02 2.316786712646484432e+02 3.351881740947632125e+02 8.245522827148438409e+02 7.345491452561210508e+02 3.005847167968750568e+02 2.341662586985768346e+00
3.907956665039062614e+02 4.285141268264718519e+02 2.333087951660156421e+02 3.377924763025277457e+02 8.269623852539062909e+02 7.295268894470843861e+02 3.005456835937500273e+02 2.363028626341920013e+00
3.908030822753906364e+02 4.286924728029010225e+02 2.338812377929687614e+02 3.381279405196779067e+02 8.322073107910156295e+02 7.238098270376932533e+02 3.005203222656250546e+02 2.364915967821241249e+00
3.915263122558594091e+02 4.293282324885345247e+02 2.363772491455078182e+02 3.414454891478242189e+02 8.352227197265625591e+02 7.205959988623549179e+02 3.005137939453125568e+02 2.364915967821241249e+00
3.919076202392578239e+02 4.311967406809940258e+02 2.382260833740234318e+02 3.422207414542448873e+02 8.404193090820313046e+02 7.196643821480347469e+02 3.005137939453125568e+02 2.364915967821241249e+00
3.925043151855468864e+02 4.331391609894944281e+02 2.444501953125000000e+02 3.508627396411049517e+02 8.404193090820313046e+02 7.196643821480347469e+02 3.005040527343750227e+02 2.364915967821241249e+00
3.933292510986328239e+02 4.346472101309193476e+02 2.465190307617187671e+02 3.532817116174274474e+02 8.449566943359375273e+02 7.141494467823774812e+02 3.003940283203125432e+02 2.378937514511855422e+00
3.938314636230468864e+02 4.347758139131825601e+02 2.484716583251953068e+02 3.561181440646330998e+02 8.574139343261718977e+02 7.010437452178639433e+02 3.003628906250000341e+02 2.378937514511855422e+00
3.938314636230468864e+02 4.383779571845669807e+02 2.526655792236328182e+02 3.597915872306953702e+02 8.574139343261718977e+02 7.010437452178639433e+02 3.003628906250000341e+02 2.380096328842056685e+00
3.938314636230468864e+02 4.394646412715976567e+02 2.567075042724609375e+02 3.649236673088203702e+02 7.665841149902344114e+02 8.719133263027543990e+02 3.003628906250000341e+02 2.380096328842056685e+00
3.980851226806640852e+02 4.449586652423741384e+02 2.599826110839844091e+02 3.707585999160089614e+02 8.705792053222656932e+02 6.861987367610340698e+02 3.004752392578125182e+02 2.388800774420891671e+00
3.985873352050781477e+02 4.457481610294901770e+02 2.630927856445312614e+02 3.725875673261518841e+02 8.705792053222656932e+02 6.787445351512161551e+02 3.004885009765625341e+02 2.388800774420891671e+00
4.007195892333984375e+02 4.479603550621266663e+02 2.699551483154297102e+02 3.788381455978029067e+02 9.005060900878906978e+02 6.491642934268282943e+02 5.908014355468750409e+02 6.874521962412587754e+02
4.042068695068359716e+02 4.508699297074978745e+02 2.739629882812500341e+02 3.852811758412435665e+02 9.066338256835938409e+02 6.412475554476078514e+02 5.929361621093750045e+02 6.915932309877622401e+02
4.069391143798828239e+02 4.534807212230695086e+02 2.795712341308594091e+02 3.918540747320285504e+02 9.161401867675781432e+02 6.276582131926545571e+02 5.929361621093750045e+02 7.025613936844406453e+02
4.121199920654296989e+02 4.575906253332977940e+02 2.855463134765624886e+02 3.965123528490294120e+02 9.174468994140625000e+02 6.206993496295102659e+02 5.949700585937500819e+02 7.062556681599651256e+02
4.144893585205078352e+02 4.595756385985494603e+02 2.924886016845703125e+02 3.982592140171714732e+02 9.214223254394531750e+02 6.080356936110663355e+02 5.981702343750000637e+02 7.095816488199301375e+02
4.148744567871094091e+02 4.617355882039249195e+02 3.016370819091796989e+02 4.008889785089590418e+02 9.276410900878906887e+02 6.021975676546391014e+02 5.981702343750000637e+02 7.147058703015734409e+02
4.174924163818359375e+02 4.665052844363268036e+02 3.061139831542968750e+02 4.045286002826364893e+02 9.345438403320313228e+02 5.974122855589561141e+02 5.981702343750000637e+02 7.167054332386363740e+02
4.175561645507812614e+02 4.684386032156569968e+02 3.071727630615234261e+02 4.088329636505439453e+02 9.400145800781250500e+02 5.895739116865335063e+02 5.976107812500000591e+02 7.203422066215035784e+02
4.188246185302734261e+02 4.694778823592150161e+02 3.088413116455078011e+02 4.136198180527410386e+02 9.428421240234375773e+02 5.794303406390946520e+02 5.967667480468750227e+02 7.226297530594406453e+02
4.198211334228515739e+02 4.703383205791382125e+02 3.115031890869140625e+02 4.137076986788075601e+02 9.455060937500001046e+02 5.738214992247905002e+02 5.964378710937500045e+02 7.253289581512237874e+02
4.204553466796875227e+02 4.724061550101322382e+02 3.127718627929687614e+02 4.166026448845456116e+02 9.507582165527344387e+02 5.705367507148034747e+02 5.923949609375000591e+02 7.282324218750000000e+02
4.207707366943359375e+02 4.733517241494240579e+02 3.130058166503906136e+02 4.188584492654116502e+02 9.510619738769531750e+02 5.663282382611146204e+02 5.910457519531250909e+02 7.287468586101399524e+02
4.211064514160156591e+02 4.737881026023890740e+02 3.147983459472656591e+02 4.205406648290849034e+02 9.534758386230469114e+02 5.646957208692413133e+02 5.902043847656250364e+02 7.303813374125874134e+02
4.213632019042968864e+02 4.743614714430460708e+02 3.159171661376953466e+02 4.209350827578391545e+02 9.540279016113281614e+02 5.624753499768443135e+02 5.901635058593750500e+02 7.313876065340909918e+02
4.213632019042968864e+02 4.748688473229522060e+02 3.169694366455078125e+02 4.220553407636518841e+02 9.541301354980469114e+02 5.595129740606877249e+02 5.892474902343750500e+02 7.326020951704546178e+02
4.213632019042968864e+02 4.750476332524530676e+02 3.173337158203125341e+02 4.221298303180993798e+02 9.555933068847656386e+02 5.569879402081990065e+02 5.865933691406251000e+02 7.347275185751748268e+02
4.202024139404297216e+02 4.751450828578284700e+02 3.173337158203125341e+02 4.231126579831484378e+02 9.562377893066407069e+02 5.556994314292041963e+02 5.832739062500000955e+02 7.351548158872377599e+02
4.176097503662109602e+02 4.759995817112841223e+02 3.173337158203125341e+02 4.249895252839696695e+02 9.575911206054688591e+02 5.555101469374194494e+02 5.773340234375000364e+02 7.366139914772727479e+02
4.151611724853515852e+02 4.762338017278156599e+02 3.151431243896484489e+02 4.263990524344069968e+02 9.589566381835937818e+02 5.555101469374194494e+02 5.752947949218751091e+02 7.376607572115385665e+02
4.139984344482422216e+02 4.770653680274103863e+02 3.142169494628906250e+02 4.269990109388331803e+02 9.600475964355468932e+02 5.555101469374194494e+02 5.730195214843751046e+02 7.393340936407342951e+02
4.117758728027343977e+02 4.784177287755972543e+02 3.141721801757812500e+02 4.285182788835857650e+02 9.623257763671875864e+02 5.562743196782377026e+02 5.711626074218750091e+02 7.431654966127622401e+02
4.103165313720703011e+02 4.795091423581484378e+02 3.135532653808593864e+02 4.292738707871160386e+02 9.637731628417969887e+02 5.565158332746052565e+02 5.704624707031250637e+02 7.442426518793706691e+02
4.100037231445312500e+02 4.797935170248506438e+02 3.124330444335937500e+02 4.297759122360281481e+02 9.652757556152344023e+02 5.589757545707151394e+02 5.679547412109375273e+02 7.445196405157342951e+02
4.089792480468750000e+02 4.819295991760878906e+02 3.086782196044921989e+02 4.314375049994666824e+02 9.659683288574219659e+02 5.639953927895456900e+02 5.654300927734375364e+02 7.456762183129370669e+02
4.075884887695312386e+02 4.835320732455204507e+02 3.038254211425781364e+02 4.335646231068685665e+02 9.685896875000000819e+02 5.671731064000080096e+02 5.639529492187500637e+02 7.485912232298951494e+02
4.060695190429687500e+02 4.838207374546714732e+02 3.036144561767578125e+02 4.363204616507572382e+02 9.695374365234375773e+02 5.678845183382328514e+02 5.629684375000000500e+02 7.514169717001748268e+02
4.051809448242187841e+02 4.847449138758532285e+02 3.035592773437500114e+02 4.369527567059513444e+02 9.719885144042968932e+02 5.682747028783423957e+02 5.624144531250000227e+02 7.539878578452797910e+02
4.041849517822265625e+02 4.860811063486561352e+02 3.024986846923828239e+02 4.404482113574551931e+02 9.746722766113281295e+02 5.683687316265302343e+02 5.597332617187501000e+02 7.544759342220280587e+02
4.025466156005859375e+02 4.876252866360921416e+02 3.012146575927734489e+02 4.408495035529543316e+02 9.762385815429688591e+02 5.690009614610180506e+02 5.570751074218750318e+02 7.567398519449301375e+02
4.022322143554687841e+02 4.879051517838096856e+02 2.983217926025390625e+02 4.426579856481974957e+02 9.771783972167969523e+02 5.691513092984857849e+02 5.553465039062500637e+02 7.580179195804196297e+02
4.011660186767578011e+02 4.896617744107294925e+02 2.975867797851562386e+02 4.427804850815912800e+02 9.804449743652344296e+02 5.700054617026416963e+02 5.540066943359375955e+02 7.592205938592658185e+02
4.010574188232421875e+02 4.897541095616467146e+02 2.975679107666015852e+02 4.428898959111028262e+02 9.820609240722657205e+02 5.702518832806458704e+02 5.540066943359375955e+02 7.601188264860140862e+02
4.008790008544921761e+02 4.899732611854735183e+02 2.973562591552734489e+02 4.432686405116787682e+02 9.834795214843750273e+02 5.702518832806458704e+02 5.540066943359375955e+02 7.602713887674825628e+02
4.006778137207031136e+02 4.899732611854735183e+02 2.968669830322265852e+02 4.434845199845349839e+02 9.878673181152344114e+02 5.700054617026416963e+02 5.540820947265625591e+02 7.605735768138112007e+02
4.006778137207031136e+02 4.899732611854735183e+02 2.968136444091796875e+02 4.439026403850255633e+02 9.878673181152344114e+02 5.698389175257731267e+02 5.541861376953125955e+02 7.606830474213287516e+02
4.006778137207031136e+02 4.899870647130972543e+02 2.967099884033203239e+02 4.439603017344816180e+02 9.878675634765625091e+02 5.698327825487274367e+02 5.546138623046875864e+02 7.609627677010489606e+02
4.006778137207031136e+02 4.902985514878412800e+02 2.965982849121093636e+02 4.441278963577218519e+02 9.878675634765625091e+02 5.697761771605186141e+02 5.548831640625001000e+02 7.607804987980770193e+02
4.006778137207031136e+02 4.904287226029223348e+02 2.965982849121093636e+02 4.442045856775276889e+02 9.878675634765625091e+02 5.698327825487274367e+02 5.549301269531250682e+02 7.609829818618882200e+02
4.006376037597656250e+02 4.906191122946885343e+02 2.965982849121093636e+02 4.442045856775276889e+02 9.902083923339844205e+02 5.698389175257731267e+02 5.552669335937500819e+02 7.609958888767482676e+02
4.006208496093750000e+02 4.906493040742320773e+02 2.966784027099609489e+02 4.441278963577218519e+02 9.909312268066406659e+02 5.701527420515866424e+02 5.554820605468750045e+02 7.618073918269230944e+02
4.005988220214844091e+02 4.909710747520264249e+02 2.967500885009765739e+02 4.442045856775276889e+02 9.911567138671875909e+02 5.702598587508053924e+02 5.558941308593750819e+02 7.619630272071678974e+02
4.005988220214844091e+02 4.910124303407636148e+02 2.967633544921874886e+02 4.442045856775276889e+02 9.912856921386719478e+02 5.702598587508053924e+02 5.558995654296875273e+02 7.619663734702797910e+02
4.006186798095703239e+02 4.910698442166169002e+02 2.967886505126953125e+02 4.442670040195712318e+02 9.915369421386719750e+02 5.702875888470521204e+02 5.559288232421876046e+02 7.619663734702797910e+02
4.006208496093750000e+02 4.910753436300128101e+02 2.967886505126953125e+02 4.448931397317619485e+02 9.915726831054688546e+02 5.702900428378704873e+02 5.559288232421876046e+02 7.619663734702797910e+02
4.007478240966797216e+02 4.910849126093216341e+02 2.967886505126953125e+02 4.448931397317619485e+02 9.916749987792969705e+02 5.702875888470521204e+02 5.560393261718750182e+02 7.618597027972028854e+02
4.007478240966797216e+02 4.913278216990187275e+02 2.967704956054687386e+02 4.449594351602495408e+02 9.916749987792969705e+02 5.702194497019974051e+02 5.561161962890626000e+02 7.618261035839161650e+02
4.007478240966797216e+02 4.913278216990187275e+02 2.967605529785156477e+02 4.450369493920648551e+02 9.922668920898438500e+02 5.699596538740335063e+02 5.561161962890626000e+02 7.616991504589161650e+02
4.006739410400390966e+02 4.913278216990187275e+02 2.967120208740234375e+02 4.454780023464163605e+02 9.922918371582031796e+02 5.699542959940802120e+02 5.561226904296875091e+02 7.615261008522727479e+02
4.006739410400390966e+02 4.913578484961603863e+02 2.966878509521484375e+02 4.456531586630759421e+02 9.922918371582031796e+02 5.697188355750644178e+02 5.561161962890626000e+02 7.614784336756993071e+02
4.006739410400390966e+02 4.913594433260452092e+02 2.967120208740234375e+02 4.456531586630759421e+02 9.922918371582031796e+02 5.696013303147148008e+02 5.560946630859375546e+02 7.614156058784965353e+02
4.007217315673828466e+02 4.916633409103029067e+02 2.967120208740234375e+02 4.457200865241040901e+02 9.924136181640625409e+02 5.694561767578125000e+02 5.560847509765625318e+02 7.614156058784965353e+02
4.008184112548828466e+02 4.920288869187286309e+02 2.967197662353515852e+02 4.457200865241040901e+02 9.924136181640625409e+02 5.693956449842944494e+02 5.560709082031251000e+02 7.614156058784965353e+02
4.008554901123047216e+02 4.924557513865187275e+02 2.967552795410156250e+02 4.457455213110601449e+02 9.924136181640625409e+02 5.693864425187257439e+02 5.559796484375000318e+02 7.615713095498252869e+02
4.008554901123047216e+02 4.924598759465656599e+02 2.967552795410156250e+02 4.462963425567939453e+02 9.924846093750001046e+02 5.693231295556137184e+02 5.559782470703125909e+02 7.615967138330420312e+02
4.008554901123047216e+02 4.930975329298208294e+02 2.967197662353515852e+02 4.464230490414355472e+02 9.924846093750001046e+02 5.693231295556137184e+02 5.559609521484375136e+02 7.615967138330420312e+02
4.008508483886718636e+02 4.930975329298208294e+02 2.966591217041015511e+02 4.465488206257999195e+02 9.925904418945312955e+02 5.693864425187257439e+02 5.559609521484375136e+02 7.615967138330420312e+02
4.008415924072265852e+02 4.932211047488268036e+02 2.965824645996094091e+02 4.465964730428754024e+02 9.925540466308594887e+02 5.693864425187257439e+02 5.559461865234375182e+02 7.615923432036713621e+02
4.008359344482421989e+02 4.932873726802474152e+02 2.965693908691406477e+02 4.466362063046608455e+02 9.925540466308594887e+02 5.693823525340286551e+02 5.559529199218750364e+02 7.615803239729021925e+02
4.006335937499999886e+02 4.933370323832124313e+02 2.965645843505859602e+02 4.466808615414355472e+02 9.926737011718751091e+02 5.693823525340286551e+02 5.559609521484375136e+02 7.613639095279720550e+02
4.006290344238281591e+02 4.933698088870520451e+02 2.964675750732421875e+02 4.472689138158596052e+02 9.928281152343751046e+02 5.693823525340286551e+02 5.559621142578125728e+02 7.613639095279720550e+02
4.005933288574219091e+02 4.933698088870520451e+02 2.964503814697265511e+02 4.472808475429287114e+02 9.928915820312500955e+02 5.693784670485663355e+02 5.559722314453125591e+02 7.613623388330420312e+02
4.005933288574219091e+02 4.933698088870520451e+02 2.964503814697265511e+02 4.472808475429287114e+02 9.929144824218750500e+02 5.693365447054203514e+02 5.560541259765625455e+02 7.613639095279720550e+02
4.005933288574219091e+02 4.933993957311220129e+02 2.964675750732421875e+02 4.472808475429287114e+02 9.929396728515625909e+02 5.692257061201272563e+02 5.560669433593750455e+02 7.613931381118882200e+02
4.005899780273437614e+02 4.934996500373293316e+02 2.965608764648437727e+02 4.469749426727815376e+02 9.930089465332031295e+02 5.692257061201272563e+02 5.560906982421875000e+02 7.615563538024475747e+02
4.005425720214843750e+02 4.935166982188566180e+02 2.966278381347656250e+02 4.469585544208617875e+02 9.929396728515625909e+02 5.692257061201272563e+02 5.560966113281250500e+02 7.615842165646853346e+02
4.005380126953124886e+02 4.935314366467576406e+02 2.966651916503906250e+02 4.468611873066872704e+02 9.930010131835938409e+02 5.692797757178237816e+02 5.561162304687500182e+02 7.616257375437063502e+02
4.005256530761718636e+02 4.935713623880119485e+02 2.966633789062499886e+02 4.468611873066872704e+02 9.930482861328125637e+02 5.696297966082071298e+02 5.562569824218750227e+02 7.616257375437063502e+02
4.005224395751953352e+02 4.936844303274316985e+02 2.966588470458984261e+02 4.469585544208617875e+02 9.930482861328125637e+02 5.696297966082071298e+02 5.562625537109375955e+02 7.616979895104896059e+02
4.004975830078125227e+02 4.937415142384812157e+02 2.966588470458984261e+02 4.470336214137158777e+02 9.932076892089844478e+02 5.696297966082071298e+02 5.562723632812500227e+02 7.617126720935315234e+02
4.004873107910156591e+02 4.937675814579778262e+02 2.966588470458984261e+02 4.470557290555673831e+02 9.933318420410156477e+02 5.696048477015543767e+02 5.562723632812500227e+02 7.618590881774475747e+02
4.004873107910156591e+02 4.937937586657423026e+02 2.966520080566406250e+02 4.470557290555673831e+02 9.935875085449218886e+02 5.696048477015543767e+02 5.564667089843750318e+02 7.620244891826923777e+02
4.004871459960937727e+02 4.937937586657423026e+02 2.966520080566406250e+02 4.470557290555673831e+02 9.936144982910157069e+02 5.695924959477689526e+02 5.565157910156250409e+02 7.620999508304196297e+02
4.004871459960937727e+02 4.938021177741040901e+02 2.966511840820312500e+02 4.470607610188246213e+02 9.939831945800781341e+02 5.695632934570312500e+02 5.565157910156250409e+02 7.622264259178322163e+02
4.004706665039062727e+02 4.938358291782209903e+02 2.966520080566406250e+02 4.470607610188246213e+02 9.939831945800781341e+02 5.695924959477689526e+02 5.565203027343750364e+02 7.622264259178322163e+02
4.004486938476562727e+02 4.938663509225682446e+02 2.966554412841796875e+02 4.470479748826791706e+02 9.939831945800781341e+02 5.696086922871697880e+02 5.565203027343750364e+02 7.622264259178322163e+02
4.004486938476562727e+02 4.938718503359641545e+02 2.966696685791015966e+02 4.466515221709684056e+02 9.937622058105469023e+02 5.696086922871697880e+02 5.565203027343750364e+02 7.621881829108392594e+02
4.004486938476562727e+02 4.939180454084897178e+02 2.966850769042968636e+02 4.466515221709684056e+02 9.937622058105469023e+02 5.696457475485260602e+02 5.564915234375000637e+02 7.621374426354896059e+02
4.004508636474609489e+02 4.939252496400383734e+02 2.966850769042968636e+02 4.466515221709684056e+02 9.937622058105469023e+02 5.697053386255637406e+02 5.564768945312500819e+02 7.620985850087413382e+02
4.004877777099609375e+02 4.939539565779650161e+02 2.967030944824218750e+02 4.466949675367960708e+02 9.940224523925782023e+02 5.697053386255637406e+02 5.564569335937500227e+02 7.620985850087413382e+02
4.004906616210937500e+02 4.940257239227815376e+02 2.967030944824218750e+02 4.470389833417768841e+02 9.940919714355469523e+02 5.697919236016027753e+02 5.564569335937500227e+02 7.620985850087413382e+02
4.004937652587890966e+02 4.941072252293088809e+02 2.967030944824218750e+02 4.470389833417768841e+02 9.940919714355469523e+02 5.697941730931861457e+02 5.564569335937500227e+02 7.621101944930070431e+02
4.005474884033203011e+02 4.942653883585750805e+02 2.966917510986328352e+02 4.471400350629265859e+02 9.940224523925782023e+02 5.698912693298968861e+02 5.565188330078125318e+02 7.621282916302448029e+02
4.006351043701171761e+02 4.943270917768771255e+02 2.966917510986328352e+02 4.471409974602709099e+02 9.938336059570312955e+02 5.699658297509262184e+02 5.565188330078125318e+02 7.621282916302448029e+02
4.006405975341796761e+02 4.943395204511518841e+02 2.963035217285156477e+02 4.518767898090870290e+02 9.937122338867187636e+02 5.699658297509262184e+02 5.565188330078125318e+02 7.621282916302448029e+02
4.006405975341796761e+02 4.943543688673208294e+02 2.962485626220703239e+02 4.519061291795541706e+02 9.937122338867187636e+02 5.699658297509262184e+02 5.564879003906251000e+02 7.621282916302448029e+02
4.006351043701171761e+02 4.943804910809513444e+02 2.962485626220703239e+02 4.519453674941339614e+02 9.937122338867187636e+02 5.699224759131362816e+02 5.564788085937500455e+02 7.621282916302448029e+02
4.006236511230468977e+02 4.945009832284555955e+02 2.962485626220703239e+02 4.522983748400170612e+02 9.938727001953125182e+02 5.699026394873550316e+02 5.564268212890625591e+02 7.621494618662587754e+02
4.006236511230468977e+02 4.945377193099402575e+02 2.962485626220703239e+02 4.522983748400170612e+02 9.941006408691406477e+02 5.698430075104703292e+02 5.564068261718750819e+02 7.621959680944056572e+02
4.006033813476562386e+02 4.945477832364547339e+02 2.962485626220703239e+02 4.522983748400170612e+02 9.941441516113281978e+02 5.697336822195151171e+02 5.564009472656250637e+02 7.622553813374127003e+02
4.005898132324218750e+02 4.945483331777943476e+02 2.962577087402343636e+02 4.522840213710537114e+02 9.941717138671875773e+02 5.697154408877657943e+02 5.563983154296875000e+02 7.622553813374127003e+02
4.005898132324218750e+02 4.945535576205204507e+02 2.963043731689453466e+02 4.509481863601215537e+02 9.941717138671875773e+02 5.697154408877657943e+02 5.563860449218750546e+02 7.622553813374127003e+02
4.005699829101562841e+02 4.945588920515144764e+02 2.963332397460937386e+02 4.507464403796928423e+02 9.941441516113281978e+02 5.697154408877657943e+02 5.563213427734375500e+02 7.621442717438811769e+02
4.005526794433594091e+02 4.945777550394624313e+02 2.963347503662109261e+02 4.503632962484001609e+02 9.940453527832031568e+02 5.697217803640463671e+02 5.561313720703125227e+02 7.620658735795454959e+02
4.004953033447265511e+02 4.945807797168301931e+02 2.963347503662109261e+02 4.503632962484001609e+02 9.939015710449219796e+02 5.698238663820875445e+02 5.561313720703125227e+02 7.620658735795454959e+02
4.004748138427734716e+02 4.946574415395691062e+02 2.963347503662109261e+02 4.503632962484001609e+02 9.938336877441406614e+02 5.698812079675418545e+02 5.561313720703125227e+02 7.620658735795454959e+02
4.004625640869140852e+02 4.946574415395691062e+02 2.963717193603515625e+02 4.504797188299914410e+02 9.938336877441406614e+02 5.699560955873469084e+02 5.561865039062500955e+02 7.621901633522727479e+02
4.004516326904296761e+02 4.946574415395691062e+02 2.963730102539062727e+02 4.505875623266851449e+02 9.938336877441406614e+02 5.699868931721165382e+02 5.562239990234375000e+02 7.622200748470280587e+02
4.004482818603515852e+02 4.946228502293088809e+02 2.963730102539062727e+02 4.506551501173208294e+02 9.944052978515625227e+02 5.700216580420425316e+02 5.562239990234375000e+02 7.623054387019230944e+02
4.004482818603515852e+02 4.946015674994666824e+02 2.963717193603515625e+02 4.508637153703604667e+02 9.944052978515625227e+02 5.700216580420425316e+02 5.562239990234375000e+02 7.623054387019230944e+02
4.004482818603515852e+02 4.945764901743813766e+02 2.963262908935546989e+02 4.513800827911689453e+02 9.944052978515625227e+02 5.700205946460212090e+02 5.562217773437500909e+02 7.623054387019230944e+02
4.004215026855468977e+02 4.945960680860708294e+02 2.963022308349609375e+02 4.515882630852709099e+02 9.943143505859375182e+02 5.700104923838192690e+02 5.561749169921876046e+02 7.622879561844406453e+02
4.004215026855468977e+02 4.945764901743813766e+02 2.963022308349609375e+02 4.516050912902623509e+02 9.942490844726563637e+02 5.700104923838192690e+02 5.561749169921876046e+02 7.622879561844406453e+02
4.004215026855468977e+02 4.945355745387158777e+02 2.963022308349609375e+02 4.519586210804180837e+02 9.941793200683594023e+02 5.700104923838192690e+02 5.561749169921876046e+02 7.622879561844406453e+02
4.003972229003906591e+02 4.943512891958191062e+02 2.963095642089843977e+02 4.521047404943472543e+02 9.941793200683594023e+02 5.700104923838192690e+02 5.562217773437500909e+02 7.624781468531468818e+02
4.003449829101562614e+02 4.942497150303967146e+02 2.963992675781250341e+02 4.522819040968963122e+02 9.942490844726563637e+02 5.699802264970602437e+02 5.561674316406250682e+02 7.626783080201049643e+02
4.002386901855468864e+02 4.942080844709897178e+02 2.964567260742187500e+02 4.522819040968963122e+02 9.942490844726563637e+02 5.698788357764175316e+02 5.561467529296875227e+02 7.626806299169580825e+02
4.002386901855468864e+02 4.942080844709897178e+02 2.964567260742187500e+02 4.522819040968963122e+02 9.941793200683594023e+02 5.697571587316767818e+02 5.561156835937500773e+02 7.626806299169580825e+02
4.002175689697265852e+02 4.942080844709897178e+02 2.964567260742187500e+02 4.519985468216723348e+02 9.940076489257812682e+02 5.696261974216736235e+02 5.560472216796875955e+02 7.626806299169580825e+02
4.002386901855468864e+02 4.942080844709897178e+02 2.964142089843750227e+02 4.519985468216723348e+02 9.939865478515625909e+02 5.696031299079816108e+02 5.560300292968750000e+02 7.626783080201049643e+02
4.002390747070312500e+02 4.940077958351109260e+02 2.964137695312500114e+02 4.519111886398783895e+02 9.939265161132813091e+02 5.691623113573211867e+02 5.560300292968750000e+02 7.626806299169580825e+02
4.003248229980468977e+02 4.940077958351109260e+02 2.964137695312500114e+02 4.517600647597589614e+02 9.937397143554687773e+02 5.690362989288015569e+02 5.560472216796875955e+02 7.627121121066434171e+02
4.003954376220703466e+02 4.940077958351109260e+02 2.964142089843750227e+02 4.517910539542448873e+02 9.936432873535156887e+02 5.688998979391510602e+02 5.562444384765625500e+02 7.628008905157342951e+02
4.004069458007812727e+02 4.940324882012585022e+02 2.964238220214843977e+02 4.517910539542448873e+02 9.923978332519532159e+02 5.688434561503302120e+02 5.562448828125000091e+02 7.628017100087413382e+02
4.004313629150390739e+02 4.940915519011305150e+02 2.964238220214843977e+02 4.517910539542448873e+02 9.923893273925781386e+02 5.687336809610583259e+02 5.562448828125000091e+02 7.628017100087413382e+02
4.004472930908203239e+02 4.940915519011305150e+02 2.964238220214843977e+02 4.519517193166062157e+02 9.923467163085938409e+02 5.687096727508859431e+02 5.562448828125000091e+02 7.628008905157342951e+02
4.004472930908203239e+02 4.940915519011305150e+02 2.964106933593749886e+02 4.522084869280610064e+02 9.921177941894532069e+02 5.687096727508859431e+02 5.560539550781250000e+02 7.624508304195804840e+02
4.004313629150390739e+02 4.940079608175128101e+02 2.963980590820312386e+02 4.524831551301194281e+02 9.921177941894532069e+02 5.687096727508859431e+02 5.560200830078125591e+02 7.624508304195804840e+02
4.004313629150390739e+02 4.940079608175128101e+02 2.963980590820312386e+02 4.524831551301194281e+02 9.922484899902344750e+02 5.687127811392557533e+02 5.560021728515625909e+02 7.624508304195804840e+02
4.004472930908203239e+02 4.940079608175128101e+02 2.963980590820312386e+02 4.524831551301194281e+02 9.922493078613281341e+02 5.687127811392557533e+02 5.558698974609375227e+02 7.623661494755244803e+02
4.004559997558594091e+02 4.940527260425554346e+02 2.965426116943359602e+02 4.518208607748506438e+02 9.922484899902344750e+02 5.687127811392557533e+02 5.558500732421875909e+02 7.623835637019230944e+02
4.004559997558594091e+02 4.940527260425554346e+02 2.965688140869140739e+02 4.516785634532316180e+02 9.922484899902344750e+02 5.687032105750644178e+02 5.557320507812501091e+02 7.624531523164336022e+02
4.004559997558594091e+02 4.940527260425554346e+02 2.965688140869140739e+02 4.516595629799488165e+02 9.922245263671875364e+02 5.686532309620649812e+02 5.557320507812501091e+02 7.624349185970280587e+02
4.003951354980468977e+02 4.936669421928327210e+02 2.965688140869140739e+02 4.515488597882892350e+02 9.920384606933594114e+02 5.685261551375241424e+02 5.557320507812501091e+02 7.623835637019230944e+02
4.003661315917968864e+02 4.935847809566979549e+02 2.964890808105469091e+02 4.514147840896970933e+02 9.920366613769531341e+02 5.684334351844394178e+02 5.558195507812500864e+02 7.624349185970280587e+02
4.003661315917968864e+02 4.935835160916169002e+02 2.964890808105469091e+02 4.513615497680247017e+02 9.919750756835937864e+02 5.684141304566687722e+02 5.558561572265625728e+02 7.624577278190560037e+02
4.003492401123046989e+02 4.935711424114761030e+02 2.964890808105469091e+02 4.511910954498186470e+02 9.919205236816407023e+02 5.683895905484857849e+02 5.558561572265625728e+02 7.624811516608392594e+02
4.003661315917968864e+02 4.935557990481015054e+02 2.964956726074219091e+02 4.510830319765891545e+02 9.913058117675782341e+02 5.683520853888127249e+02 5.558561572265625728e+02 7.624811516608392594e+02
4.003882415771484489e+02 4.930388541888864893e+02 2.964956726074219091e+02 4.508961619093963122e+02 9.908670239257812682e+02 5.680684040502173957e+02 5.555602636718750773e+02 7.624811516608392594e+02
4.004135375976562727e+02 4.930306600629265859e+02 2.964956726074219091e+02 4.506918037076044925e+02 9.908670239257812682e+02 5.680166657437982849e+02 5.555602636718750773e+02 7.627210582386363740e+02
4.004190307617187727e+02 4.930193312713310547e+02 2.964956726074219091e+02 4.504467223496160386e+02 9.908533654785156841e+02 5.678991604834487816e+02 5.555602636718750773e+02 7.627228338068182438e+02
4.004190307617187727e+02 4.930193312713310547e+02 2.965595855712890625e+02 4.504413604215550322e+02 9.908533654785156841e+02 5.677158473693217502e+02 5.556239062500000045e+02 7.607576895760489606e+02
4.004149108886718977e+02 4.930053077671714732e+02 2.967774993896484261e+02 4.500089415462350644e+02 9.910817150878906432e+02 5.676910211622100633e+02 5.558137744140625500e+02 7.610207468312937635e+02
4.004190307617187727e+02 4.930053077671714732e+02 2.968386108398437386e+02 4.498684590310366502e+02 9.911271069335938364e+02 5.676910211622100633e+02 5.558137744140625500e+02 7.610207468312937635e+02
4.004195251464843750e+02 4.928523140864974152e+02 2.971294738769531136e+02 4.498684590310366502e+02 9.911540966796875409e+02 5.676910211622100633e+02 5.557170800781250364e+02 7.610016253277972282e+02
4.004501220703124886e+02 4.928355408756399356e+02 2.971294738769531136e+02 4.498684590310366502e+02 9.913004138183594023e+02 5.676448861348260380e+02 5.556443457031250546e+02 7.610016253277972282e+02
4.004501220703124886e+02 4.928241570899103863e+02 2.971838287353515966e+02 4.503682732175234378e+02 9.914630883789062636e+02 5.676448861348260380e+02 5.556443457031250546e+02 7.610207468312937635e+02
4.004501220703124886e+02 4.928241570899103863e+02 2.971838287353515966e+02 4.509781031689952897e+02 9.915119152832031659e+02 5.677392829816365065e+02 5.556443457031250546e+02 7.610016253277972282e+02
4.004366912841796875e+02 4.928073288849189453e+02 2.972357391357422216e+02 4.509781031689952897e+02 9.915770178222657023e+02 5.677392829816365065e+02 5.556443457031250546e+02 7.610016253277972282e+02
4.004346313476562500e+02 4.926878816259599034e+02 2.972553771972656591e+02 4.509781031689952897e+02 9.917268518066406386e+02 5.678123301083279557e+02 5.556145068359375045e+02 7.609566897945804840e+02
4.004043640136719091e+02 4.926195789115827210e+02 2.973017395019531364e+02 4.509245388825191867e+02 9.917909729003906705e+02 5.678160519944023008e+02 5.556284179687500000e+02 7.609390024038461888e+02
4.003767608642578466e+02 4.924842383479095247e+02 2.973030853271484375e+02 4.508798836457444281e+02 9.918106835937500136e+02 5.678160519944023008e+02 5.556284179687500000e+02 7.609275295017482676e+02
4.003711578369140511e+02 4.924835784183020451e+02 2.973030853271484375e+02 4.508371532036582607e+02 9.918159997558594796e+02 5.678160519944023008e+02 5.556145068359375045e+02 7.609275295017482676e+02
4.003739868164062727e+02 4.924842383479095247e+02 2.973033599853515625e+02 4.508365482681846856e+02 9.919583093261719569e+02 5.676788739076594084e+02 5.555847363281250182e+02 7.609390024038461888e+02
4.003739868164062727e+02 4.924835784183020451e+02 2.973175872802734716e+02 4.503231230335430837e+02 9.920440222167969750e+02 5.676788739076594084e+02 5.555558203125000318e+02 7.610105031687063502e+02
4.003767608642578466e+02 4.924835784183020451e+02 2.973175872802734716e+02 4.503020602802367875e+02 9.921294079589844159e+02 5.676788739076594084e+02 5.555246142578125728e+02 7.611171055506993071e+02
4.003782440185547102e+02 4.924152757039249195e+02 2.973193176269531364e+02 4.502480560406889936e+02 9.921918115234375364e+02 5.676742522249516014e+02 5.554986376953125955e+02 7.612162642045454959e+02
4.003823089599609375e+02 4.924152757039249195e+02 2.973193176269531364e+02 4.502359573312180032e+02 9.921918115234375364e+02 5.676742522249516014e+02 5.554986376953125955e+02 7.612162642045454959e+02
4.003929107666015739e+02 4.924030120120520451e+02 2.974784545898437500e+02 4.501723566152943476e+02 9.921918115234375364e+02 5.676742522249516014e+02 5.555246142578125728e+02 7.612162642045454959e+02
4.003823089599609375e+02 4.924030120120520451e+02 2.974840301513672216e+02 4.501281413315912800e+02 9.920862243652344432e+02 5.676639454635147786e+02 5.556014501953125091e+02 7.610912915209790981e+02
4.003782440185547102e+02 4.923829941472909582e+02 2.974852111816406364e+02 4.500200228642278262e+02 9.920862243652344432e+02 5.676639454635147786e+02 5.556178564453125546e+02 7.610673213505244803e+02
4.003145233154297102e+02 4.915000633265784700e+02 2.974852111816406364e+02 4.498070855775383734e+02 9.920862243652344432e+02 5.676639454635147786e+02 5.556506689453125318e+02 7.610535948426573896e+02
4.003145233154297102e+02 4.914619523917448873e+02 2.974852111816406364e+02 4.497320460817512640e+02 9.926737829589844750e+02 5.678406737022792186e+02 5.556672119140625909e+02 7.610673213505244803e+02
4.003145233154297102e+02 4.914619523917448873e+02 2.974670288085937386e+02 4.497061438446565376e+02 9.927127136230469659e+02 5.679023506715125222e+02 5.556672119140625909e+02 7.610673213505244803e+02
4.003337768554687841e+02 4.914619523917448873e+02 2.974504943847656477e+02 4.496537344349935665e+02 9.927520532226562864e+02 5.679034549673807533e+02 5.556821484375000182e+02 7.610629507211539249e+02
4.003917846679687500e+02 4.915352595723122704e+02 2.974504943847656477e+02 4.494441792875426245e+02 9.927520532226562864e+02 5.679034549673807533e+02 5.556821484375000182e+02 7.610307173295454959e+02
4.004440795898437386e+02 4.915495580471416019e+02 2.974670288085937386e+02 4.494401097216296534e+02 9.927127136230469659e+02 5.679168292173404780e+02 5.558422460937500773e+02 7.610629507211539249e+02
4.004440795898437386e+02 4.916398034209684056e+02 2.974708465576172216e+02 4.494205593070072382e+02 9.921425756835938046e+02 5.679284038740335063e+02 5.558820654296876000e+02 7.610629507211539249e+02
4.004440795898437386e+02 4.917464920408489775e+02 2.974708465576172216e+02 4.494205593070072382e+02 9.912277050781250409e+02 5.679284038740335063e+02 5.561452490234376000e+02 7.629033271416084290e+02
4.004223266601562727e+02 4.917464920408489775e+02 2.974708465576172216e+02 4.494401097216296534e+02 9.906902001953125136e+02 5.677936388782618451e+02 5.561452490234376000e+02 7.629033271416084290e+02
4.004105987548828125e+02 4.917464920408489775e+02 2.974668640136719091e+02 4.494401097216296534e+02 9.906902001953125136e+02 5.677973607643363039e+02 5.561452490234376000e+02 7.629033271416084290e+02
4.004026336669921875e+02 4.917632652517064571e+02 2.974668640136719091e+02 4.495765501679820773e+02 9.905839587402343795e+02 5.677973607643363039e+02 5.559945849609375728e+02 7.625496476180070431e+02
4.003979644775390625e+02 4.917644751226535504e+02 2.974668640136719091e+02 4.495765501679820773e+02 9.898193310546876091e+02 5.677973607643363039e+02 5.559369921875000955e+02 7.624780102709790981e+02
4.003979644775390625e+02 4.919669085297568358e+02 2.975323150634765739e+02 4.495765501679820773e+02 9.898122973632813455e+02 5.678406737022792186e+02 5.558446044921875000e+02 7.611436024912587754e+02
4.004105987548828125e+02 4.920138735201578584e+02 2.975837310791015966e+02 4.492758972376279871e+02 9.898122973632813455e+02 5.679335163549048957e+02 5.550920703125000273e+02 7.611436024912587754e+02
4.004441619873047102e+02 4.920138735201578584e+02 2.975864227294921989e+02 4.490625474949338809e+02 9.898122973632813455e+02 5.679567883678317912e+02 5.550920703125000273e+02 7.611026961319930706e+02
4.004529510498047102e+02 4.920138735201578584e+02 2.975980133056640966e+02 4.488788670875106277e+02 9.898685668945313409e+02 5.679567883678317912e+02 5.550920703125000273e+02 7.611026961319930706e+02
4.005193359374999886e+02 4.914687716643558133e+02 2.976312469482422216e+02 4.488362466336923831e+02 9.898685668945313409e+02 5.680111033646101077e+02 5.551460742187500728e+02 7.611436024912587754e+02
4.005720428466797216e+02 4.914687716643558133e+02 2.977014770507812500e+02 4.484823868787329388e+02 9.898876232910156432e+02 5.679403466293491647e+02 5.561409765625001000e+02 7.618785511363637397e+02
4.006285125732421761e+02 4.913896351055886953e+02 2.977369628906250227e+02 4.478740967630119485e+02 9.898685668945313409e+02 5.679403466293491647e+02 5.564000585937500318e+02 7.618785511363637397e+02
4.008565063476562500e+02 4.913216623560153380e+02 3.001292358398437727e+02 4.471424273077538487e+02 9.897790917968750364e+02 5.667938830188868451e+02 5.568416259765625682e+02 7.618785511363637397e+02
4.020005950927734375e+02 4.898835657529863283e+02 3.016344451904296875e+02 4.454249880012798712e+02 9.855711450195312864e+02 5.623822619251368451e+02 5.574942871093750227e+02 7.615780020760489606e+02
4.046608245849609489e+02 4.887752689713096856e+02 3.064192108154297216e+02 4.449424144757892350e+02 9.807646801757813364e+02 5.578231968830540382e+02 5.640257519531251091e+02 7.614009915865385665e+02
4.143709259033203125e+02 4.879274794021970933e+02 3.169364501953124886e+02 4.427747656916595247e+02 9.743259082031250955e+02 5.410510285367670349e+02 5.755549023437500864e+02 7.594152917395105078e+02
4.244002624511718977e+02 4.875056194005972543e+02 3.359533447265625341e+02 4.355731463643878101e+02 9.741287194824219569e+02 5.233392271061533165e+02 5.894821679687501046e+02 7.578366750437063502e+02
4.338738006591797216e+02 4.859459307673848230e+02 3.518900024414062386e+02 4.355731463643878101e+02 9.686331164550781523e+02 5.015672978666639210e+02 6.048101855468750045e+02 7.574449573863637397e+02
4.450274505615234375e+02 4.842226895797781481e+02 3.681254608154296761e+02 4.355731463643878101e+02 9.648796606445313273e+02 4.790257971065560127e+02 6.164532226562500909e+02 7.573990657779720550e+02
4.551996368408203466e+02 4.839643821325724957e+02 3.832823364257812386e+02 4.363724861014824796e+02 9.617149902343750227e+02 4.587524791599548735e+02 6.247000292968750728e+02 7.573990657779720550e+02
4.615658569335937500e+02 4.839576178540955311e+02 3.954320892333984716e+02 4.364240431020691062e+02 9.597522631835937545e+02 4.425223973854300539e+02 6.288769238281250864e+02 7.573990657779720550e+02
4.684801574707031477e+02 4.839643821325724957e+02 4.019823577880859489e+02 4.384747468603349034e+02 9.597522631835937545e+02 4.276701087558391805e+02 6.294095117187500819e+02 7.612538925917832557e+02
4.701495849609374886e+02 4.842226895797781481e+02 4.073483001708984261e+02 4.409330396424381320e+02 9.597522631835937545e+02 4.216868292425096456e+02 6.294095117187500819e+02 7.613930015297203227e+02
4.701495849609374886e+02 4.849505369427261030e+02 4.088535095214843977e+02 4.418253744600575601e+02 9.601032116699219614e+02 4.177711187932908956e+02 6.294095117187500819e+02 7.639436052229021925e+02
4.701495849609374886e+02 4.861572732241893959e+02 4.088535095214843977e+02 4.450278203658276084e+02 9.642242187500000909e+02 4.177711187932908956e+02 6.253688574218750773e+02 7.677278190559441100e+02
4.663750122070312614e+02 4.921101132545861674e+02 4.088535095214843977e+02 4.482819057633852253e+02 9.665863940429687773e+02 4.177711187932908956e+02 6.231214746093750136e+02 7.713875382430070431e+02
4.653517456054687500e+02 4.947838180594069968e+02 4.082184448242187500e+02 4.524078406636625118e+02 9.722002612304687545e+02 4.184429805794941899e+02 6.201328027343751046e+02 7.758169662368882200e+02
4.653517456054687500e+02 4.957853162329351449e+02 4.082184448242187500e+02 4.547464937073378906e+02 9.751818920898438137e+02 4.184429805794941899e+02 6.201328027343751046e+02 7.774063046328672044e+02
4.653517456054687500e+02 4.960122220296501609e+02 4.082184448242187500e+02 4.556087467336816985e+02 9.755154199218750364e+02 4.184429805794941899e+02 6.201328027343751046e+02 7.786649776005244803e+02
4.654679809570312727e+02 4.969165455684726567e+02 4.093948883056640966e+02 4.581767803101002414e+02 9.757665881347656978e+02 4.163179472303881994e+02 6.201827734375000318e+02 7.796992460664336022e+02
4.668687377929687727e+02 4.975999026770477371e+02 4.107894653320312841e+02 4.585388616880865698e+02 9.758197497558594478e+02 4.142883332242670349e+02 6.211244921875000955e+02 7.798512620192308304e+02
4.683178344726562727e+02 4.977863327911689453e+02 4.130645690917968977e+02 4.587333759398997017e+02 9.789431994628906750e+02 4.123030137524162342e+02 6.229114062500000273e+02 7.818217329545454959e+02
4.697112304687499886e+02 4.977930970696459099e+02 4.145574737548828352e+02 4.591015066726215537e+02 9.789431994628906750e+02 4.080357282186291741e+02 6.251013671875000455e+02 7.821500081949301375e+02
4.718380187988281591e+02 4.981947192299488165e+02 4.185508117675781250e+02 4.587674723029543316e+02 9.789431994628906750e+02 4.008215678106877817e+02 6.267393945312500136e+02 7.838566706730770193e+02
4.747725769042968977e+02 4.985664795755119485e+02 4.253105621337890625e+02 4.592581574632039292e+02 9.786175231933594887e+02 3.972932198121375222e+02 6.302651660156250273e+02 7.852008440777972282e+02
4.779771789550781591e+02 4.988566836204138326e+02 4.289523651123046761e+02 4.593225555940699678e+02 9.786175231933594887e+02 3.882446194678237248e+02 6.335280957031250182e+02 7.855580747377622401e+02
4.822393798828125000e+02 4.990570822445605472e+02 4.339474639892578125e+02 4.602282539862414410e+02 9.786175231933594887e+02 3.790217448755637406e+02 6.376445605468750273e+02 7.870813073645105078e+02
4.873159423828125227e+02 4.990849642704778262e+02 4.443462707519531136e+02 4.602282539862414410e+02 9.786175231933594887e+02 3.663676185214642373e+02 6.419058789062501091e+02 7.898744809877622401e+02
4.921660766601562500e+02 4.990849642704778262e+02 4.526167510986328466e+02 4.614295458484428423e+02 9.786175231933594887e+02 3.554065413327560918e+02 6.465677832031250318e+02 7.949959708260489606e+02
4.970927307128906136e+02 4.997992280823378906e+02 4.599909667968750000e+02 4.614496737014718519e+02 9.782232275390625773e+02 3.441745435577077501e+02 6.516741601562500819e+02 7.952009123688811769e+02
5.004194458007812614e+02 5.003266768211390740e+02 4.676923278808594091e+02 4.622755206111348230e+02 9.773965234375000364e+02 3.321497635988844763e+02 6.540229199218750864e+02 7.974088996940560037e+02
5.049881652832031591e+02 5.003385555540742189e+02 4.759138916015625114e+02 4.622755206111348230e+02 9.770055810546875819e+02 3.222689740682385491e+02 6.565537890625000728e+02 7.978378359921329093e+02
5.103424621582031477e+02 5.003266768211390740e+02 4.832879699707031591e+02 4.623971676354522060e+02 9.738981616210937773e+02 3.112176513671875000e+02 6.589980468750001137e+02 8.002487161276224015e+02
5.130188415527344432e+02 5.003266768211390740e+02 4.874910644531250341e+02 4.622755206111348230e+02 9.736142785644532296e+02 3.025497876983327501e+02 6.594254980468750773e+02 8.002487161276224015e+02
5.145714843750000682e+02 5.001552051114547339e+02 4.917770507812500114e+02 4.618795078524956921e+02 9.702145520019531659e+02 2.940960142784511504e+02 6.594254980468750773e+02 8.002487161276224015e+02
5.161563720703125000e+02 4.998929380866040901e+02 4.957444885253906364e+02 4.613520591136945086e+02 9.677544775390625773e+02 2.909141288835977548e+02 6.594254980468750773e+02 7.991441078452797910e+02
5.161563720703125000e+02 4.984724946005759421e+02 4.989804016113281477e+02 4.584591751879799517e+02 9.650139550781250364e+02 2.865044709825023688e+02 6.570124804687500273e+02 7.960451267482518460e+02
5.161563720703125000e+02 4.947202448405503219e+02 4.991246520996093636e+02 4.556149060766851449e+02 9.634252404785156614e+02 2.838767580641913355e+02 6.530954882812500273e+02 7.953542941433566966e+02
5.159201110839843523e+02 4.935996843670008616e+02 4.991246520996093636e+02 4.542361206471309742e+02 9.615425012207032296e+02 2.788663836606999098e+02 6.495295214843750955e+02 7.918897508741259799e+02
5.147059020996093750e+02 4.916301794475255633e+02 4.991246520996093636e+02 4.510432162236028262e+02 9.570751257324219523e+02 2.785300642190520080e+02 6.430018164062501000e+02 7.886693482298951494e+02
5.141379638671875227e+02 4.888963110601535504e+02 4.990332458496093864e+02 4.484180437420008616e+02 9.548509252929687818e+02 2.782485914721931408e+02 6.386959960937500682e+02 7.843400349650349881e+02
5.112674560546875000e+02 4.881357421875000000e+02 4.980843566894531591e+02 4.462007627519731159e+02 9.531179382324219205e+02 2.785300642190520080e+02 6.321512011718750728e+02 7.841417176573427241e+02
5.108655212402343864e+02 4.858376473176194281e+02 4.959366943359374886e+02 4.455064893078071577e+02 9.487679272460937909e+02 2.788663836606999098e+02 6.287701464843750045e+02 7.791947115384615472e+02
5.074902465820312614e+02 4.837163585884172221e+02 4.929581909179687500e+02 4.420297326618493798e+02 9.461043664550782069e+02 2.814352825990657152e+02 6.246374804687500273e+02 7.775486232517482676e+02
5.032105224609375114e+02 4.823162079378199678e+02 4.924812194824218636e+02 4.382117649117427050e+02 9.437686083984375500e+02 2.869713631856072880e+02 6.198683203125000318e+02 7.737301272945804840e+02
4.993035644531250341e+02 4.795711207471202897e+02 4.855041320800781364e+02 4.353304847482934861e+02 9.410302941894532296e+02 2.904975230423445396e+02 6.127793164062500182e+02 7.690300617351399524e+02
4.921458618164062386e+02 4.783075755252772865e+02 4.758505554199218750e+02 4.310223267851429227e+02 9.401689123535156796e+02 2.994992112621818592e+02 6.048795703125000500e+02 7.625550426136363740e+02
4.798287048339843750e+02 4.759617457471202897e+02 4.600325225830078466e+02 4.270972854562180032e+02 9.375579406738281705e+02 3.197892572461943814e+02 5.886178320312500318e+02 7.577675644667832557e+02
4.688335327148437841e+02 4.729458124466723348e+02 4.411243377685547102e+02 4.216916920528476567e+02 9.363707189941407023e+02 3.430116586586863718e+02 5.742622949218750819e+02 7.487964379370630468e+02
4.541958984375000341e+02 4.689948138865187843e+02 4.180776031494140739e+02 4.174901127213096856e+02 9.307701831054688455e+02 3.701689320987032374e+02 5.615456396484376000e+02 7.391258058347902988e+02
4.394090423583984375e+02 4.636129229548848230e+02 3.909508758544922102e+02 4.081462244027303541e+02 9.227630615234375000e+02 3.991942446993797944e+02 5.472205908203125091e+02 7.259517045454546178e+02
4.223158538818359489e+02 4.567888383572419002e+02 3.623644775390625341e+02 3.976479817152836631e+02 9.159057031250000591e+02 4.404504929375402185e+02 5.268705517578125637e+02 7.103813374125874134e+02
4.045814483642578239e+02 4.460288510892171416e+02 3.331409545898437727e+02 3.868521657689846052e+02 9.026598718261719796e+02 4.798323011889899590e+02 5.094788671875000432e+02 6.983891499125874134e+02
3.883517852783203352e+02 4.364165638998506438e+02 3.063075073242187614e+02 3.715996802007785504e+02 8.882269824218750500e+02 5.237445036897953514e+02 4.934632568359375568e+02 6.769432227928322163e+02
3.711170928955078239e+02 4.259461757412542511e+02 2.775004211425781477e+02 3.561279055234108455e+02 8.682872851562500500e+02 5.648560891692170571e+02 4.722801220703125296e+02 6.591892482517482676e+02
3.534718688964844091e+02 4.126630851042555150e+02 2.520598754882812500e+02 3.390269021304393959e+02 8.504660375976562818e+02 6.061919285095843861e+02 4.535992480468750614e+02 6.428417968750000000e+02
3.385149719238281136e+02 3.992160019597909582e+02 2.224143676757812500e+02 3.185672419941872704e+02 8.279553625488281341e+02 6.495751323896585063e+02 4.335769580078125500e+02 6.259993717220280587e+02
3.191907897949218977e+02 3.829379032903156599e+02 1.935204483032226506e+02 2.978410802847695891e+02 8.024979797363281477e+02 6.870195966897550761e+02 4.129580615234375500e+02 6.066222546984266728e+02
3.019990539550781250e+02 3.752837372346949678e+02 1.776336273193359432e+02 2.670319915875639936e+02 7.793048730468750591e+02 7.300738840004831900e+02 3.898501318359375318e+02 5.945717466127622401e+02
2.884707916259765739e+02 3.661863051274530676e+02 1.434299331665039006e+02 2.505052919355268557e+02 7.583862658691406295e+02 7.697091077037692912e+02 3.741282275390625500e+02 5.839800726617132796e+02
2.777117980957031591e+02 3.562235403223655794e+02 1.210438888549804659e+02 2.380782674848016143e+02 7.380455664062500318e+02 8.024876356616462090e+02 3.593706347656250273e+02 5.746460473120629331e+02
2.632463195800781364e+02 3.489178445965763444e+02 1.079356887817382784e+02 2.380782674848016143e+02 7.233967590332031250e+02 8.540410747724708926e+02 3.519234960937500318e+02 5.653740302666084290e+02
2.572739593505859261e+02 3.476110189913075601e+02 9.138021240234375853e+01 2.351718000079991384e+02 7.233967590332031250e+02 8.628085295687016014e+02 3.519234960937500318e+02 5.644513494318182438e+02
2.572739593505859261e+02 3.476110189913075601e+02 9.049950714111328409e+01 2.351718000079991384e+02 7.233967590332031250e+02 8.628085295687016014e+02 3.519234960937500318e+02 5.644513494318182438e+02
2.572739593505859261e+02 3.476110189913075601e+02 9.049950714111328409e+01 2.351718000079991384e+02 7.140089892578125728e+02 8.628085295687016014e+02 3.554237353515625273e+02 5.644513494318182438e+02
2.592934936523437841e+02 3.481953591616893959e+02 9.049950714111328409e+01 2.385172031649957205e+02 7.140089892578125728e+02 8.626747052694104241e+02 3.596054833984375136e+02 5.644513494318182438e+02
2.638063476562500114e+02 3.481953591616893959e+02 9.672806167602539062e+01 2.385172031649957205e+02 7.140089892578125728e+02 8.610304496214561141e+02 3.671010546875000387e+02 5.644513494318182438e+02
2.692133514404296761e+02 3.481953591616893959e+02 1.029094711303711023e+02 2.385172031649957205e+02 7.132047766113281568e+02 8.528184147471004053e+02 3.753500488281250114e+02 5.624558498142482676e+02
2.742118835449218750e+02 3.466436171808340418e+02 1.113590217590332117e+02 2.350580446419048428e+02 7.069371850585937409e+02 8.506789437520134243e+02 3.867735498046875477e+02 5.549968927556818699e+02
2.810916320800781136e+02 3.436150352295754828e+02 1.176789276123046903e+02 2.274806503972909582e+02 7.046684924316406295e+02 8.495800466635791963e+02 3.947531396484375250e+02 5.479284924060315234e+02
2.876739807128906250e+02 3.388654118560686470e+02 1.222711166381835994e+02 2.191029127726375805e+02 6.929662292480469432e+02 8.485631946681700128e+02 4.027522460937500455e+02 5.376791958041958424e+02
2.906482269287109261e+02 3.298046608361774474e+02 1.282985321044921818e+02 2.036781305827378219e+02 6.725509399414063409e+02 8.479059341273356267e+02 4.070263818359375136e+02 5.228955761035839487e+02
3.012233642578125341e+02 3.264240614334470933e+02 1.325658279418945256e+02 1.961622610254906078e+02 6.612839886474610012e+02 8.401594213112113039e+02 4.113835400390625523e+02 5.183400827687937635e+02
3.017403533935546989e+02 3.214715921968323187e+02 1.370976745605468921e+02 1.893158488094603058e+02 6.591263220214843841e+02 8.358713177553156584e+02 4.131764013671875659e+02 5.142947579763986141e+02
3.017524932861328466e+02 3.197976807473869485e+02 1.392819625854492358e+02 1.871723149530716626e+02 6.512279772949219705e+02 8.353868181680894622e+02 4.148458740234375455e+02 5.111068618881119505e+02
3.017524932861328466e+02 3.197072153970242994e+02 1.392819625854492358e+02 1.793329973969443074e+02 6.468223101806640898e+02 8.334715601341010824e+02 4.148458740234375455e+02 5.072554496284965353e+02
3.017403533935546989e+02 3.185173073205524474e+02 1.392819625854492358e+02 1.782906523304180837e+02 6.453587298583984193e+02 8.332368768121777975e+02 4.148458740234375455e+02 5.055945763221154152e+02
3.017403533935546989e+02 3.182560576871800322e+02 1.388091934204101676e+02 1.770414330804714211e+02 6.437523083496093932e+02 8.332368768121777975e+02 4.145227392578125318e+02 5.030042955091783483e+02
3.011944427490234375e+02 3.158273517491467715e+02 1.385179458618164006e+02 1.759974794355268841e+02 6.406071441650391307e+02 8.334715601341010824e+02 4.142546337890625523e+02 5.025834175590035215e+02
3.010915283203125341e+02 3.152184566979522060e+02 1.362326934814453239e+02 1.747028075338630515e+02 6.398947784423828580e+02 8.342555284008536773e+02 4.120222558593750364e+02 5.019367351398601613e+02
3.010829040527343636e+02 3.143248020211177618e+02 1.342471069335937557e+02 1.711775323132199276e+02 6.356315435791016171e+02 8.372208491059922153e+02 4.119575195312500568e+02 5.010455706402972282e+02
3.010829040527343636e+02 3.143248020211177618e+02 1.339367843627929631e+02 1.697010360561540097e+02 6.342598101806640898e+02 8.413542694406410192e+02 4.118373095703125273e+02 5.009762210445804840e+02
3.010829040527343636e+02 3.143248020211177618e+02 1.328141326904296875e+02 1.681104957137905274e+02 6.313284375000000637e+02 8.449483025934277975e+02 4.118373095703125273e+02 5.003784350415210156e+02
3.012075439453125227e+02 3.143248020211177618e+02 1.328141326904296875e+02 1.680500709091030274e+02 6.312731085205078898e+02 8.457722709105186141e+02 4.119482910156250455e+02 5.000570572006119505e+02
3.012690399169921989e+02 3.144766133279117071e+02 1.328141326904296875e+02 1.677165452351749195e+02 6.305086035156250546e+02 8.457722709105186141e+02 4.119575195312500568e+02 4.997524448208042145e+02
3.012690399169921989e+02 3.144766133279117071e+02 1.331449310302734546e+02 1.653157075745253906e+02 6.301549969482422284e+02 8.458072811795263988e+02 4.119606298828125546e+02 4.994979580965909349e+02
3.012464904785156250e+02 3.142533646411049517e+02 1.333627624511718750e+02 1.651071148244187157e+02 6.292646215820312818e+02 8.457722709105186141e+02 4.120834033203125273e+02 4.987365808020105078e+02
3.012075439453125227e+02 3.141417540462350644e+02 1.338020782470703125e+02 1.651071148244187157e+02 6.288913861083984784e+02 8.457722709105186141e+02 4.121747314453125455e+02 4.983110249125874702e+02
3.008267578125000341e+02 3.098042567126173026e+02 1.338757278442382983e+02 1.642856811940059742e+02 6.287387304687500773e+02 8.458072811795263988e+02 4.122252148437500523e+02 4.981216878824300807e+02
3.007789398193359602e+02 3.080648197525597425e+02 1.338757278442382983e+02 1.638150413955844726e+02 6.280183496093750364e+02 8.469121496456184559e+02 4.123435107421875614e+02 4.976633864182692832e+02
3.007483154296875227e+02 3.077759905610068358e+02 1.338190933227539006e+02 1.636441883699071980e+02 6.266406048583984330e+02 8.469121496456184559e+02 4.131592089843750273e+02 4.966993894777098149e+02
3.004009826660156364e+02 3.067474627706378101e+02 1.338757278442382983e+02 1.634803470963097141e+02 6.261711468505859557e+02 8.469121496456184559e+02 4.134303906250000296e+02 4.959973571350524821e+02
2.987978302001953352e+02 3.006535902837030676e+02 1.340901672363281421e+02 1.636441883699071980e+02 6.239344329833984375e+02 8.455298166176706900e+02 4.146554931640625341e+02 4.950046437937063502e+02
2.987978302001953352e+02 3.006064328138331803e+02 1.340901672363281421e+02 1.638150413955844726e+02 6.235222259521484602e+02 8.454943155504993229e+02 4.148311425781250250e+02 4.924424306162587754e+02
2.987978302001953352e+02 2.999714430460750805e+02 1.396698211669921932e+02 1.669484696632359260e+02 6.216425128173827943e+02 8.443029848079090698e+02 4.150827392578125341e+02 4.915647877513112007e+02
2.992524993896484489e+02 2.944345236508105472e+02 1.400756698608398381e+02 1.678052507732508616e+02 6.203106506347656932e+02 8.440440887765785192e+02 4.150827392578125341e+02 4.914306982080419743e+02
2.999470001220703352e+02 2.940895454484854667e+02 1.408697067260742131e+02 1.680120562140038203e+02 6.199494378662109284e+02 8.435261331145295571e+02 4.146554931640625341e+02 4.899552693400349881e+02
3.001517852783203466e+02 2.938815301367853863e+02 1.415590026855468864e+02 1.700441857035249598e+02 6.195304016113282159e+02 8.432028607240656584e+02 4.143131494140625364e+02 4.892960555069930706e+02
3.005012329101562614e+02 2.937560060260238970e+02 1.421094589233398438e+02 1.700784882945819163e+02 6.191520135498046784e+02 8.430570118697647786e+02 4.143131494140625364e+02 4.885836429195804271e+02
3.005673980712890625e+02 2.937560060260238970e+02 1.427709869384765682e+02 1.703926560333564453e+02 6.190194775390625637e+02 8.430267459830057533e+02 4.142646826171875318e+02 4.879202633304196297e+02
3.007568298339843977e+02 2.937529538515891545e+02 1.427709869384765682e+02 1.700784882945819163e+02 6.191485375976562864e+02 8.430570118697647786e+02 4.138400341796875637e+02 4.878725961538461888e+02
3.010088012695312614e+02 2.937560060260238970e+02 1.427954452514648551e+02 1.700784882945819163e+02 6.190194775390625637e+02 8.430585660639496837e+02 4.135214111328125455e+02 4.877386090472028286e+02
3.011786773681640739e+02 2.938579651503839614e+02 1.430493942260742131e+02 1.703926560333564453e+02 6.190194775390625637e+02 8.430585660639496837e+02 4.137186962890625637e+02 4.871848707932692832e+02
3.014151580810546989e+02 2.939346819672568358e+02 1.430493942260742131e+02 1.702190533009812157e+02 6.191485375976562864e+02 8.430585660639496837e+02 4.137186962890625637e+02 4.869007457386363740e+02
3.015862976074218977e+02 2.939346819672568358e+02 1.434426086425781364e+02 1.696473617814099839e+02 6.194108288574219614e+02 8.430614290532377026e+02 4.137186962890625637e+02 4.867872801027098149e+02
3.016452941894531250e+02 2.939346819672568358e+02 1.435093505859375114e+02 1.699250684093696577e+02 6.200305297851563182e+02 8.434477690077319494e+02 4.143175244140625182e+02 4.867680220170454959e+02
3.017900665283203239e+02 2.938779830151450483e+02 1.435307052612304801e+02 1.702190533009812157e+02 6.202785083007812545e+02 8.435035563990012406e+02 4.143638037109375318e+02 4.867680220170454959e+02
3.018935028076172102e+02 2.938779830151450483e+02 1.435307052612304801e+02 1.702190533009812157e+02 6.202785083007812545e+02 8.435035563990012406e+02 4.144569775390625637e+02 4.867680220170454959e+02
3.019175079345703239e+02 2.938742159169688648e+02 1.435433395385742301e+02 1.701389818419368680e+02 6.202785083007812545e+02 8.437790577682022786e+02 4.144569775390625637e+02 4.863663680069930706e+02
3.019606567382812727e+02 2.938742159169688648e+02 1.436255859375000057e+02 1.702208681074018841e+02 6.198441369628906159e+02 8.441779948755637406e+02 4.144569775390625637e+02 4.858317171110140293e+02
3.019606567382812727e+02 2.938742159169688648e+02 1.444825469970703296e+02 1.759041268931314050e+02 6.198011578369140580e+02 8.442573405786887406e+02 4.126961083984375591e+02 4.800891540100524821e+02
3.019606567382812727e+02 2.938586250799914410e+02 1.440334121704101733e+02 1.759041268931314050e+02 6.193481390380859466e+02 8.442573405786887406e+02 4.126961083984375591e+02 4.800590376420454959e+02
3.017695220947265966e+02 2.938586250799914410e+02 1.441083251953125171e+02 1.761501568999306642e+02 6.193179187011719478e+02 8.441779948755637406e+02 4.126961083984375591e+02 4.800590376420454959e+02
3.017566680908203125e+02 2.938586250799914410e+02 1.441083251953125171e+02 1.762644072132305837e+02 6.192206329345704034e+02 8.437183623952963671e+02 4.127431054687500591e+02 4.800891540100524821e+02
3.017097839355469091e+02 2.938640420021864088e+02 1.440334121704101733e+02 1.762644072132305837e+02 6.191460839843750819e+02 8.434345992570069939e+02 4.128785595703125182e+02 4.802891103037587754e+02
3.016669097900390852e+02 2.940234699965337200e+02 1.440030349731445369e+02 1.762644072132305837e+02 6.188459252929687864e+02 8.426354162471809559e+02 4.130266943359375205e+02 4.802891103037587754e+02
3.016387847900390966e+02 2.941033764731761835e+02 1.439724929809570426e+02 1.760898145864441062e+02 6.179115484619140943e+02 8.426354162471809559e+02 4.130514404296875455e+02 4.803737229567308304e+02
3.016387847900390966e+02 2.941952166768878101e+02 1.438795623779296875e+02 1.758240966796875000e+02 6.179115484619140943e+02 8.426354162471809559e+02 4.131515527343750591e+02 4.806592479785839487e+02
3.015538055419921761e+02 2.942218063406569968e+02 1.434660919189453239e+02 1.758240966796875000e+02 6.176028021240234693e+02 8.427159071460212090e+02 4.154630566406250409e+02 4.856108296000874702e+02
3.015429840087890625e+02 2.942859020037862479e+02 1.431329315185546989e+02 1.758056736448112076e+02 6.180736096191407114e+02 8.428019604240495255e+02 4.154630566406250409e+02 4.857460800917832557e+02
3.015429840087890625e+02 2.942913739201151770e+02 1.426382995605468693e+02 1.757080040628999598e+02 6.180736096191407114e+02 8.428690361730830318e+02 4.154630566406250409e+02 4.858266635708042145e+02
3.015429840087890625e+02 2.942859020037862479e+02 1.419058822631835994e+02 1.757313765698325483e+02 6.185616333007812955e+02 8.428690361730830318e+02 4.153208007812500568e+02 4.859853720498252301e+02
3.014823120117187614e+02 2.942848846123080193e+02 1.418002349853515796e+02 1.757080040628999598e+02 6.185616333007812955e+02 8.428019604240495255e+02 4.152739404296875136e+02 4.859853720498252301e+02
3.014823120117187614e+02 2.942848846123080193e+02 1.417706268310546989e+02 1.757080040628999598e+02 6.185616333007812955e+02 8.426735349045585508e+02 4.152193212890625205e+02 4.857512702141608543e+02
3.014823120117187614e+02 2.942684963603882125e+02 1.416779296875000114e+02 1.757313765698325483e+02 6.185616333007812955e+02 8.424919395840043990e+02 4.152739404296875136e+02 4.860558825939685903e+02
3.014705291748047102e+02 2.942538129266211513e+02 1.413600677490234432e+02 1.757944548414835708e+02 6.182135064697265534e+02 8.416550469152705318e+02 4.153176904296875591e+02 4.861422708151224015e+02
3.014705291748047102e+02 2.942538129266211513e+02 1.412186325073242301e+02 1.757944548414835708e+02 6.171907995605469068e+02 8.414830221589078292e+02 4.153176904296875591e+02 4.864069670563811769e+02
3.014095825195312841e+02 2.937572158969709903e+02 1.411661590576171932e+02 1.758544259445659179e+02 6.171018969726562773e+02 8.405928778894168545e+02 4.154347558593750591e+02 4.864727313701923208e+02
3.012613769531250227e+02 2.937307362214697264e+02 1.411661590576171932e+02 1.758544259445659179e+02 6.160274188232422148e+02 8.400062104844554369e+02 4.154347558593750591e+02 4.867982066761363740e+02
3.010860626220703011e+02 2.937307362214697264e+02 1.411661590576171932e+02 1.758544259445659179e+02 6.160274188232422148e+02 8.400062104844554369e+02 4.153176904296875591e+02 4.867982066761363740e+02
3.008637268066406136e+02 2.937307362214697264e+02 1.412590621948242244e+02 1.762729175554607366e+02 6.160274188232422148e+02 8.400062104844554369e+02 4.152125878906250591e+02 4.867982066761363740e+02
3.005851409912109489e+02 2.939426561166808938e+02 1.412590621948242244e+02 1.762729175554607366e+02 6.172117779541016489e+02 8.402775400692654557e+02 4.151779980468750182e+02 4.867567198426573896e+02
3.005505889892578466e+02 2.939563496560367071e+02 1.412774505615234375e+02 1.762729175554607366e+02 6.173124169921875364e+02 8.404995444386274812e+02 4.151779980468750182e+02 4.866907165100524821e+02
3.005038970947265966e+02 2.939811520104522060e+02 1.412590621948242244e+02 1.762584403496960306e+02 6.173124169921875364e+02 8.404995444386274812e+02 4.152125878906250591e+02 4.866907165100524821e+02
3.005038970947265966e+02 2.939563496560367071e+02 1.412774505615234375e+02 1.759507069245946980e+02 6.172117779541016489e+02 8.402775400692654557e+02 4.153339257812500591e+02 4.867567198426573896e+02
3.005038970947265966e+02 2.939426561166808938e+02 1.412774505615234375e+02 1.759507069245946980e+02 6.173124169921875364e+02 8.402775400692654557e+02 4.153339257812500591e+02 4.865029160292832557e+02
3.006713836669921989e+02 2.939165888971842833e+02 1.413497955322265796e+02 1.759507069245946980e+02 6.167741760253907159e+02 8.405410986831507216e+02 4.153339257812500591e+02 4.864598243553322163e+02
3.006713836669921989e+02 2.938626396517704507e+02 1.413497955322265796e+02 1.762963725535942672e+02 6.167741760253907159e+02 8.405410986831507216e+02 4.152756494140625136e+02 4.864598243553322163e+02
3.006713836669921989e+02 2.937688196592363283e+02 1.413497955322265796e+02 1.763289290808980354e+02 6.168715435791016262e+02 8.409348824097937722e+02 4.151302832031250318e+02 4.862208397071678405e+02
3.006676757812500114e+02 2.937593606681953702e+02 1.413327529907226676e+02 1.763289290808980354e+02 6.177215979003906341e+02 8.409807720380958926e+02 4.151302832031250318e+02 4.862208397071678405e+02
3.006676757812500114e+02 2.937593606681953702e+02 1.412712707519531250e+02 1.763289290808980354e+02 6.177215979003906341e+02 8.419446996315238039e+02 4.151302832031250318e+02 4.862208397071678405e+02
3.006546844482422216e+02 2.937688196592363283e+02 1.411197280883789062e+02 1.761352259925607768e+02 6.184212048339844614e+02 8.423037184882408610e+02 4.153762744140625500e+02 4.865454955201049074e+02
3.006546844482422216e+02 2.938084154356868680e+02 1.411197280883789062e+02 1.760597052981015338e+02 6.184212048339844614e+02 8.431015927029638988e+02 4.154127441406250227e+02 4.866502198972902420e+02
3.006017852783203352e+02 2.938460039262478745e+02 1.411197280883789062e+02 1.759419628572952092e+02 6.185479748535157114e+02 8.432485049532859875e+02 4.154127441406250227e+02 4.867108282342657617e+02
3.006017852783203352e+02 2.938460039262478745e+02 1.411239715576171818e+02 1.759419628572952092e+02 6.185479748535157114e+02 8.435442926465849496e+02 4.154127441406250227e+02 4.867108282342657617e+02
3.006017852783203352e+02 2.938084154356868680e+02 1.411352737426757926e+02 1.759419628572952092e+02 6.185275280761719614e+02 8.433513271685727659e+02 4.154357470703125159e+02 4.867108282342657617e+02
3.006036254882812386e+02 2.938025035662862479e+02 1.411352737426757926e+02 1.759525217310153664e+02 6.185275280761719614e+02 8.436169307748066331e+02 4.154357470703125159e+02 4.866244741586538680e+02
3.007810546874999886e+02 2.934834001039889131e+02 1.411304946899414006e+02 1.759525217310153664e+02 6.185275280761719614e+02 8.436169307748066331e+02 4.153686523437500568e+02 4.865568659855769624e+02
3.007839385986328011e+02 2.934834001039889131e+02 1.411352737426757926e+02 1.759525217310153664e+02 6.184629162597656205e+02 8.433513271685727659e+02 4.154357470703125159e+02 4.865274666739510963e+02
3.007840484619140966e+02 2.934834001039889131e+02 1.411334060668945369e+02 1.759477647384279067e+02 6.184629162597656205e+02 8.427587701856474496e+02 4.154357470703125159e+02 4.865274666739510963e+02
3.009087707519531136e+02 2.935432612188033090e+02 1.411334060668945369e+02 1.759445200845242994e+02 6.187014892578125682e+02 8.427587701856474496e+02 4.155066015625000659e+02 4.865274666739510963e+02
3.009087707519531136e+02 2.935455709724295730e+02 1.411361389160156250e+02 1.759428840090390338e+02 6.187907189941406614e+02 8.427575431902383798e+02 4.157002294921875318e+02 4.865470320694930706e+02
3.009087707519531136e+02 2.935733705071459099e+02 1.411361938476562443e+02 1.759346073918781883e+02 6.187907189941406614e+02 8.427587701856474496e+02 4.157432275390625591e+02 4.867779242242133364e+02
3.008173370361328125e+02 2.935733705071459099e+02 1.411361938476562443e+02 1.758595816446245692e+02 6.187907189941406614e+02 8.428651097877738039e+02 4.159703857421875455e+02 4.877828616695804271e+02
3.008114044189453011e+02 2.937759413995840418e+02 1.411361938476562443e+02 1.758595816446245692e+02 6.187391522216797739e+02 8.431867461843588671e+02 4.159785205078125614e+02 4.878003441870629899e+02
3.007985504150390739e+02 2.937759413995840418e+02 1.411361389160156250e+02 1.758459018538022463e+02 6.184844671630859239e+02 8.431116540653189304e+02 4.160282519531250500e+02 4.878003441870629899e+02
3.007985504150390739e+02 2.937872151970456116e+02 1.410846405029296875e+02 1.758595816446245692e+02 6.181802191162109921e+02 8.432111224931538800e+02 4.160282519531250500e+02 4.877828616695804271e+02
3.007985504150390739e+02 2.937885350562606277e+02 1.410796554565429801e+02 1.758595816446245692e+02 6.179617657470703307e+02 8.432155396766269178e+02 4.160282519531250500e+02 4.877445845170454959e+02
3.008457641601562500e+02 2.938346751346522865e+02 1.410796005249023608e+02 1.758617951585164292e+02 6.179500701904297557e+02 8.432765622483085508e+02 4.159749658203125477e+02 4.877445845170454959e+02
3.008699340820312500e+02 2.938365724322738970e+02 1.410763458251953182e+02 1.758617951585164292e+02 6.179500701904297557e+02 8.432765622483085508e+02 4.159749658203125477e+02 4.876860249125874702e+02
3.008803161621094091e+02 2.938365724322738970e+02 1.410503082275390625e+02 1.759300428787595933e+02 6.179500701904297557e+02 8.437200801888691331e+02 4.159749658203125477e+02 4.877445845170454959e+02
3.008944061279296989e+02 2.938346751346522865e+02 1.410459274291992244e+02 1.759937673314846336e+02 6.181856579589843932e+02 8.437509186734857849e+02 4.159749658203125477e+02 4.876860249125874702e+02
3.008966857910156136e+02 2.937773987441339614e+02 1.410356552124023608e+02 1.759937673314846336e+02 6.182386560058594114e+02 8.437694054043168990e+02 4.159898339843750250e+02 4.876484306708916279e+02
3.009431304931640625e+02 2.937487193032742994e+02 1.410356552124023608e+02 1.759300428787595933e+02 6.182386560058594114e+02 8.437694054043168990e+02 4.160267822265625455e+02 4.864357517482517892e+02
3.009644165039062500e+02 2.937487193032742994e+02 1.410201919555664176e+02 1.758672670748453299e+02 6.182386560058594114e+02 8.437694054043168990e+02 4.160532373046875136e+02 4.861858746722028286e+02
3.009740020751953011e+02 2.937487193032742994e+02 1.410028472900390568e+02 1.757844734061700080e+02 6.179141656494141444e+02 8.435341494845359875e+02 4.160532373046875136e+02 4.861260516826923208e+02
3.010587341308593636e+02 2.938068206058020451e+02 1.410014190673828125e+02 1.757414267478135628e+02 6.174948431396484239e+02 8.435303866986146204e+02 4.160697802734375159e+02 4.861260516826923208e+02
3.010587341308593636e+02 2.938337677314419807e+02 1.409990707397460881e+02 1.757414267478135628e+02 6.174948431396484239e+02 8.435303866986146204e+02 4.161020117187500205e+02 4.861260516826923208e+02
3.010587341308593636e+02 2.938337677314419807e+02 1.409940307617187614e+02 1.757337550661262640e+02 6.179141656494141444e+02 8.435341494845359875e+02 4.163461230468750500e+02 4.866450980659965353e+02
3.010254455566406477e+02 2.938238137931953702e+02 1.408229049682617244e+02 1.756672671581697784e+02 6.184232086181641534e+02 8.435851106938627026e+02 4.163461230468750500e+02 4.866450980659965353e+02
3.008488128662109489e+02 2.938068206058020451e+02 1.408229049682617244e+02 1.756326346023090821e+02 6.184232086181641534e+02 8.435851106938627026e+02 4.163461230468750500e+02 4.867730072661713621e+02
3.008401062011718636e+02 2.937631002693045730e+02 1.408229049682617244e+02 1.756326346023090821e+02 6.184232086181641534e+02 8.435851106938627026e+02 4.162866162109375523e+02 4.866450980659965353e+02
3.008401062011718636e+02 2.937631002693045730e+02 1.408390274047851562e+02 1.756326346023090821e+02 6.184120037841797739e+02 8.435848652947809114e+02 4.161744726562500318e+02 4.865803239729021357e+02
3.008401062011718636e+02 2.937388753532956116e+02 1.409115097045898608e+02 1.756981876099882527e+02 6.184120037841797739e+02 8.435803663116139433e+02 4.161671582031250409e+02 4.864011623142482676e+02
3.008004730224609489e+02 2.937054939139824796e+02 1.409212326049804744e+02 1.756981876099882527e+02 6.184120037841797739e+02 8.435803663116139433e+02 4.160159130859375409e+02 4.863320517373252301e+02
3.007189819335937386e+02 2.936726624160089614e+02 1.409318344116211108e+02 1.756981876099882527e+02 6.185156280517578580e+02 8.435848652947809114e+02 4.160159130859375409e+02 4.863320517373252301e+02
3.007189819335937386e+02 2.936726624160089614e+02 1.409354324340820312e+02 1.756894572912222543e+02 6.186887713623046920e+02 8.440388535961661773e+02 4.160159130859375409e+02 4.863320517373252301e+02
3.007189819335937386e+02 2.936726624160089614e+02 1.409463088989257926e+02 1.756327445905770048e+02 6.191536901855469068e+02 8.440388535961661773e+02 4.162054736328125273e+02 4.864951308457168011e+02
3.008217315673828125e+02 2.938210090923634539e+02 1.409486160278320312e+02 1.756327445905770048e+02 6.192575189208985194e+02 8.440388535961661773e+02 4.162255029296875364e+02 4.865592903190560037e+02
3.009019042968749886e+02 2.938711362454671416e+02 1.409486160278320312e+02 1.756327445905770048e+02 6.191536901855469068e+02 8.439328411928156584e+02 4.162459765625000614e+02 4.865602463942308304e+02
3.009235473632812727e+02 2.938958836057487360e+02 1.409486160278320312e+02 1.756656310826845129e+02 6.191536901855469068e+02 8.438527592924451710e+02 4.162459765625000614e+02 4.867576759178322163e+02
3.009235473632812727e+02 2.938958836057487360e+02 1.409408294677734546e+02 1.756767536462777173e+02 6.185525549316406568e+02 8.438527592924451710e+02 4.162459765625000614e+02 4.874595716783217085e+02
3.009235473632812727e+02 2.938958836057487360e+02 1.409408294677734546e+02 1.756767536462777173e+02 6.183043719482421920e+02 8.438096508537370255e+02 4.162459765625000614e+02 4.876922052556818699e+02
3.009092376708984489e+02 2.938162795968430032e+02 1.409408294677734546e+02 1.757107537695979147e+02 6.182678540039063364e+02 8.438020434822003608e+02 4.161421386718750455e+02 4.876922052556818699e+02
3.008397491455078239e+02 2.937735216576898551e+02 1.410759887695312500e+02 1.757200065326365177e+02 6.182678540039063364e+02 8.438096508537370255e+02 4.161421386718750455e+02 4.876283872377622970e+02
3.008238464355468977e+02 2.937735216576898551e+02 1.411408493041992358e+02 1.757200065326365177e+02 6.183043719482421920e+02 8.440031889296069494e+02 4.161421386718750455e+02 4.876196459790210156e+02
3.008238464355468977e+02 2.938162795968430032e+02 1.411408493041992358e+02 1.755468575018664694e+02 6.184965307617187591e+02 8.440031889296069494e+02 4.162309716796875136e+02 4.876196459790210156e+02
3.008238464355468977e+02 2.938766906529970129e+02 1.411765686035156193e+02 1.755468575018664694e+02 6.188503417968750000e+02 8.440031889296069494e+02 4.161421386718750455e+02 4.875624521962412814e+02
3.008397491455078239e+02 2.938892018184727135e+02 1.411734237670898438e+02 1.754524738194592430e+02 6.191273138427734466e+02 8.440031889296069494e+02 4.161079589843750455e+02 4.874749713177448029e+02
3.008408752441406477e+02 2.939223632812500000e+02 1.411734237670898438e+02 1.750508379106228745e+02 6.192343731689453534e+02 8.440339456145295571e+02 4.161079589843750455e+02 4.874749713177448029e+02
3.008408752441406477e+02 2.939223632812500000e+02 1.411765686035156193e+02 1.750508379106228745e+02 6.192343731689453534e+02 8.439366039787370255e+02 4.162860693359375546e+02 4.874749713177448029e+02
3.008180511474609489e+02 2.939223632812500000e+02 1.411855499267578296e+02 1.750508379106228745e+02 6.193435998535156841e+02 8.439366039787370255e+02 4.162244775390625477e+02 4.876462795017482676e+02
3.008110748291015852e+02 2.939230782049914410e+02 1.411865936279296818e+02 1.750737842130172623e+02 6.192343731689453534e+02 8.440339456145295571e+02 4.162865136718750136e+02 4.876796738417832557e+02
3.008110748291015852e+02 2.939230782049914410e+02 1.411865936279296818e+02 1.750928534289675724e+02 6.188775360107422330e+02 8.440339456145295571e+02 4.163281445312500182e+02 4.876796738417832557e+02
3.008053894042968750e+02 2.939230782049914410e+02 1.411891342163085881e+02 1.750928534289675724e+02 6.188775360107422330e+02 8.439864199923484875e+02 4.163281445312500182e+02 4.876796738417832557e+02
3.008053894042968750e+02 2.939965228708937843e+02 1.411891342163085881e+02 1.750928534289675724e+02 6.187942767333984193e+02 8.439864199923484875e+02 4.163281445312500182e+02 4.873819930069930706e+02
3.008123382568359716e+02 2.940171456711283895e+02 1.412096511840820483e+02 1.749932590523677334e+02 6.187942767333984193e+02 8.439864199923484875e+02 4.164580615234375500e+02 4.871233746722028286e+02
3.008124481201172102e+02 2.940230575405290097e+02 1.412113677978515796e+02 1.749932590523677334e+02 6.187942767333984193e+02 8.438130864408826710e+02 4.164580615234375500e+02 4.871233746722028286e+02
3.008123382568359716e+02 2.940250648264184861e+02 1.412161193847656193e+02 1.749828789095829791e+02 6.189850042724609693e+02 8.439864199923484875e+02 4.166208593750000659e+02 4.872074068509615472e+02
3.008123382568359716e+02 2.940434603642278262e+02 1.412161193847656193e+02 1.749763896017757929e+02 6.189850042724609693e+02 8.439531275169135824e+02 4.166208593750000659e+02 4.871233746722028286e+02
3.007802307128906136e+02 2.940776942126173026e+02 1.412113677978515796e+02 1.749148649144091223e+02 6.192076287841797466e+02 8.440303464279960508e+02 4.166208593750000659e+02 4.871233746722028286e+02
3.007296936035156136e+02 2.989984043368707489e+02 1.411115295410156421e+02 1.749148649144091223e+02 6.197146270751953807e+02 8.440303464279960508e+02 4.163866943359375341e+02 4.863850114729021357e+02
3.006647094726562841e+02 2.991275030663395569e+02 1.410910537719726676e+02 1.749148649144091223e+02 6.197146270751953807e+02 8.440303464279960508e+02 4.163335449218750455e+02 4.863424661276224015e+02
3.006647094726562841e+02 2.991445237507999195e+02 1.410910537719726676e+02 1.749505836044155274e+02 6.192076287841797466e+02 8.440258474448291963e+02 4.161078564453125637e+02 4.863365930944056572e+02
3.006647094726562841e+02 2.991445237507999195e+02 1.411115295410156421e+02 1.752191887032049920e+02 6.190326043701172694e+02 8.440258474448291963e+02 4.159946875000000546e+02 4.862728433675699762e+02
3.006647094726562841e+02 2.991296753346309742e+02 1.411436920166015625e+02 1.752229008072472141e+02 6.188160729980469341e+02 8.439299782035276394e+02 4.159770166015625250e+02 4.862311858063811769e+02
3.006652862548828011e+02 2.991275030663395569e+02 1.411436920166015625e+02 1.752437848296181642e+02 6.188160729980469341e+02 8.438871969635953292e+02 4.159120410156250500e+02 4.862491463614510963e+02
3.006749542236328239e+02 2.991232135238907972e+02 1.411436920166015625e+02 1.752437848296181642e+02 6.188160729980469341e+02 8.438871969635953292e+02 4.158481933593750455e+02 4.862491463614510963e+02
3.006795959472656250e+02 2.991135070592470129e+02 1.411376495361328125e+02 1.752437848296181642e+02 6.188160729980469341e+02 8.439299782035276394e+02 4.158481933593750455e+02 4.862491463614510963e+02
3.007137908935546875e+02 2.990786682753839614e+02 1.409809707641601619e+02 1.746266406583297623e+02 6.188160729980469341e+02 8.439611438869200128e+02 4.158481933593750455e+02 4.863621681053322163e+02
3.007844604492187841e+02 2.990752036449445086e+02 1.409809707641601619e+02 1.745958301947792108e+02 6.188569665527344341e+02 8.442844162773839116e+02 4.159986865234375273e+02 4.863906796328671476e+02
3.007844604492187841e+02 2.989897702578391545e+02 1.409809707641601619e+02 1.745958301947792108e+02 6.190171466064452943e+02 8.443209807405766014e+02 4.159986865234375273e+02 4.865332031250000568e+02
3.008022857666015852e+02 2.989660952831698069e+02 1.409602478027343864e+02 1.746266406583297623e+02 6.189449285888672421e+02 8.443559092098904557e+02 4.160914501953125182e+02 4.865784459680944565e+02
3.009326660156249886e+02 2.989660952831698069e+02 1.409602478027343864e+02 1.750805347429607366e+02 6.193736566162109511e+02 8.443792221226642596e+02 4.160602099609375273e+02 4.865784459680944565e+02
3.010261596679687841e+02 2.989897702578391545e+02 1.409589843750000000e+02 1.755908940546341626e+02 6.193736566162109511e+02 8.443792221226642596e+02 4.161745068359375637e+02 4.867141744973776554e+02
3.010790588378906136e+02 2.993362607988481159e+02 1.409540267944335881e+02 1.756127129772824276e+02 6.193736566162109511e+02 8.443559092098904557e+02 4.162350048828125182e+02 4.867141744973776554e+02
3.010790588378906136e+02 2.993536664422461513e+02 1.409429992675781307e+02 1.756909833784396255e+02 6.194398632812500409e+02 8.443167271564915382e+02 4.162574609375000136e+02 4.867205597137237874e+02
3.011000152587890852e+02 2.994092105175448069e+02 1.409316970825195483e+02 1.757047044148624195e+02 6.194398632812500409e+02 8.441860930452641014e+02 4.163140283203125591e+02 4.867765584025349881e+02
3.011000152587890852e+02 2.994789155823378906e+02 1.409230041503906250e+02 1.757147958384439050e+02 6.193610614013672375e+02 8.440823710333439749e+02 4.163140283203125591e+02 4.867765584025349881e+02
3.011710418701172216e+02 2.994789155823378906e+02 1.409228805541992244e+02 1.757359135858841626e+02 6.190645831298828625e+02 8.439537001147712090e+02 4.163140283203125591e+02 4.866178157779720550e+02
3.011710418701172216e+02 2.994789155823378906e+02 1.408408538818359546e+02 1.761647990880972543e+02 6.190645831298828625e+02 8.438889147571680951e+02 4.160339257812500477e+02 4.866053185096154152e+02
3.011710418701172216e+02 2.994091005292768841e+02 1.408408538818359546e+02 1.761647990880972543e+02 6.190645831298828625e+02 8.438889147571680951e+02 4.157969238281250455e+02 4.860793747268356810e+02
3.009915802001953011e+02 2.992203056673954507e+02 1.408407165527343921e+02 1.761647990880972543e+02 6.190836804199219614e+02 8.438889147571680951e+02 4.157917626953125136e+02 4.859981766280594684e+02
3.008228576660156364e+02 2.992203056673954507e+02 1.408405929565429631e+02 1.761647990880972543e+02 6.195910058593750591e+02 8.438794259926706900e+02 4.157562500000000227e+02 4.859814453125000568e+02
3.008195343017578125e+02 2.992009202351749195e+02 1.408403045654297046e+02 1.761651977955684742e+02 6.196472344970703716e+02 8.438889147571680951e+02 4.157224804687500637e+02 4.857893424934441100e+02
3.007864379882812500e+02 2.992203056673954507e+02 1.407884216308593750e+02 1.763548175694592430e+02 6.201024206542969068e+02 8.439010211118717280e+02 4.156608886718750568e+02 4.856601699082168011e+02
3.007669097900390511e+02 2.992436506772610869e+02 1.407808685302734375e+02 1.763727594056634018e+02 6.196572943115235148e+02 8.439010211118717280e+02 4.156458496093750341e+02 4.855578015734266160e+02
3.006728668212890625e+02 2.992584990934300322e+02 1.407728210449218693e+02 1.764599113594549920e+02 6.196472344970703716e+02 8.442258476965205318e+02 4.156458496093750341e+02 4.855578015734266160e+02
3.006112609863281477e+02 2.992875909902943476e+02 1.407728210449218693e+02 1.764599113594549920e+02 6.196472344970703716e+02 8.442459704212305951e+02 4.156608886718750568e+02 4.855935861013986141e+02
3.005714355468750227e+02 2.992923754799488165e+02 1.407728210449218693e+02 1.764602138271917511e+02 6.193775415039062864e+02 8.442459704212305951e+02 4.157291796875000500e+02 4.855935861013986141e+02
3.005289733886718864e+02 2.992954001573165215e+02 1.407807998657226562e+02 1.764602138271917511e+02 6.192358862304687364e+02 8.442258476965205318e+02 4.157556689453125500e+02 4.858245465472028286e+02
3.005289733886718864e+02 2.993047491600895569e+02 1.407807998657226562e+02 1.764602138271917511e+02 6.190366937255860194e+02 8.440856430211017596e+02 4.157556689453125500e+02 4.858260830965909349e+02
3.005289733886718864e+02 2.993119533916382125e+02 1.407809097290039233e+02 1.767296300894571175e+02 6.190366937255860194e+02 8.440856430211017596e+02 4.157291796875000500e+02 4.858940668706293877e+02
3.005289733886718864e+02 2.993119533916382125e+02 1.407807998657226562e+02 1.767312936620093922e+02 6.190366937255860194e+02 8.440774630517074684e+02 4.156372705078125591e+02 4.859123347355769624e+02
3.005274902343750227e+02 2.993119533916382125e+02 1.407803329467773494e+02 1.767319810886838809e+02 6.196912768554688000e+02 8.440774630517074684e+02 4.156372705078125591e+02 4.859142810314685903e+02
3.005298797607421761e+02 2.993114584444325601e+02 1.407799484252929858e+02 1.767319810886838809e+02 6.198913690185547694e+02 8.441681789122905002e+02 4.156372705078125591e+02 4.859142810314685903e+02
3.005280944824218636e+02 2.993119533916382125e+02 1.407799484252929858e+02 1.767319810886838809e+02 6.200755535888672512e+02 8.442570951796069494e+02 4.156372705078125591e+02 4.859671041848776554e+02
3.005280944824218636e+02 2.993114584444325601e+02 1.407722991943359432e+02 1.767185075258639131e+02 6.202642364501953125e+02 8.443262977206828737e+02 4.156372705078125591e+02 4.859671041848776554e+02
3.005298797607421761e+02 2.993106060353562157e+02 1.407721343994140568e+02 1.767177926021224437e+02 6.202642364501953125e+02 8.445224533867589116e+02 4.157506103515625568e+02 4.860651360358392026e+02
3.005379272460937727e+02 2.993061515105055150e+02 1.407721343994140568e+02 1.767177926021224437e+02 6.201381616210937864e+02 8.443797947205218861e+02 4.156058251953125477e+02 4.860456730769230944e+02
3.005379272460937727e+02 2.993061515105055150e+02 1.407721343994140568e+02 1.767177926021224437e+02 6.200755535888672512e+02 8.443262977206828737e+02 4.156058251953125477e+02 4.859696309549825628e+02
3.005404266357422216e+02 2.993005696059087200e+02 1.407782180786132926e+02 1.767311561766744887e+02 6.200581738281250637e+02 8.443797947205218861e+02 4.156779785156250568e+02 4.859726357626748836e+02
3.005404266357422216e+02 2.993005696059087200e+02 1.407782180786132926e+02 1.767311561766744887e+02 6.200581738281250637e+02 8.445478930915753608e+02 4.157008789062500114e+02 4.860456730769230944e+02
3.005404266357422216e+02 2.992937503332977940e+02 1.407782180786132926e+02 1.767311561766744887e+02 6.201381616210937864e+02 8.446485067151255635e+02 4.157008789062500114e+02 4.860456730769230944e+02
3.005404266357422216e+02 2.992937503332977940e+02 1.407770645141601733e+02 1.767315411356121899e+02 6.201652331542968568e+02 8.446485067151255635e+02 4.158887646484375296e+02 4.860121080091783483e+02
3.005404266357422216e+02 2.992937503332977940e+02 1.407755264282226619e+02 1.767315411356121899e+02 6.202625598144531978e+02 8.447065026981314304e+02 4.159243798828125591e+02 4.860270637565560037e+02
3.005259246826171875e+02 2.993130807713843637e+02 1.407750869750976506e+02 1.767315411356121899e+02 6.202625598144531978e+02 8.446485067151255635e+02 4.159243798828125591e+02 4.860801259287587754e+02
3.005259246826171875e+02 2.993136307127239775e+02 1.407750869750976506e+02 1.767315411356121899e+02 6.202625598144531978e+02 8.446422081386918990e+02 4.159243798828125591e+02 4.860766772290210156e+02
3.005258972167968636e+02 2.993136307127239775e+02 1.407637023925781250e+02 1.766991220936433251e+02 6.202285772705077989e+02 8.446288747885791963e+02 4.158887646484375296e+02 4.860270637565560037e+02
3.005223541259765625e+02 2.993130807713843637e+02 1.407637023925781250e+02 1.766991220936433251e+02 6.202087438964844068e+02 8.446288747885791963e+02 4.158867480468750273e+02 4.860270637565560037e+02
