7.222518676757812273e+02 5.321599762691979549e+02 7.211642211914062273e+02 4.808686523437500000e+02 6.915989123535156295e+02 3.487866557013127817e+02 3.569518750000000296e+02 4.026795714051573896e+02
7.224227600097656250e+02 5.321599762691979549e+02 7.211736145019531250e+02 4.808725569272610869e+02 9.164445983886719205e+02 5.636641449289222692e+02 3.573991503906250387e+02 4.026795714051573896e+02
7.224280334472656477e+02 5.321599762691979549e+02 7.211736145019531250e+02 4.808725569272610869e+02 9.300507019042969432e+02 7.153441313124194494e+02 3.573991503906250387e+02 4.027999002950174940e+02
7.224280334472656477e+02 5.321592613454564571e+02 7.211642211914062273e+02 4.808725569272610869e+02 9.164445983886719205e+02 5.636641449289222692e+02 3.573991503906250387e+02 4.027999002950174940e+02
7.224280334472656477e+02 5.321465027063779871e+02 7.211557617187500000e+02 4.808649127426407972e+02 9.167936657714844841e+02 5.636641449289222692e+02 3.571589697265625318e+02 4.027999002950174940e+02
7.224253967285156932e+02 5.321457327885025279e+02 7.211554321289062273e+02 4.808644177954351449e+02 9.167936657714844841e+02 5.634066394923887628e+02 3.570816552734375477e+02 4.028037928868007498e+02
7.224200134277343750e+02 5.321457327885025279e+02 7.211554321289062273e+02 4.808639778423634539e+02 6.920076843261718977e+02 5.634066394923887628e+02 3.570126806640625432e+02 4.029360727163461888e+02
7.224200134277343750e+02 5.321447978882251846e+02 7.211557617187500000e+02 4.808644177954351449e+02 6.920076843261718977e+02 5.633071301647067912e+02 3.570052294921875387e+02 4.029360727163461888e+02
7.224200134277343750e+02 5.321441929527517232e+02 7.211563659667968977e+02 4.808639778423634539e+02 9.167099157714844750e+02 3.673704827692090475e+02 3.569836962890625500e+02 4.029360727163461888e+02
7.224218261718750682e+02 5.321441929527517232e+02 7.211566955566406705e+02 4.808639778423634539e+02 9.167099157714844750e+02 3.479747528390785760e+02 3.568466015625000409e+02 4.028420017482517892e+02
7.224218261718750682e+02 5.321441929527517232e+02 7.211566955566406705e+02 4.808639778423634539e+02 9.168469909667969659e+02 3.476408055885550539e+02 3.568315966796875500e+02 4.025178239729021357e+02
7.224223205566406705e+02 5.321439179820819163e+02 7.211566955566406705e+02 4.808652427074445086e+02 9.168469909667969659e+02 3.476408055885550539e+02 3.568301611328125205e+02 4.023563155594405885e+02
7.224223205566406705e+02 5.321439179820819163e+02 7.211565856933593750e+02 4.808652427074445086e+02 9.177146704101562591e+02 3.464571231173485444e+02 3.568315966796875500e+02 4.023563155594405885e+02
7.224205627441406250e+02 5.321438629879479549e+02 7.211559814453124773e+02 4.808654076898463927e+02 9.181357104492187773e+02 3.462131555301626804e+02 3.568466015625000409e+02 4.025136240712412814e+02
7.224205627441406250e+02 5.321435330231441867e+02 7.211559814453124773e+02 4.808654076898463927e+02 9.239989465332031386e+02 3.312025435929445507e+02 3.568697753906250227e+02 4.025178239729021357e+02
7.224205627441406250e+02 5.321435330231441867e+02 7.211562561035156023e+02 4.808654076898463927e+02 9.239989465332031386e+02 3.312025435929445507e+02 3.568697753906250227e+02 4.025582864401224015e+02
7.224201232910156705e+02 5.321437529996800322e+02 7.211564758300781932e+02 4.808657926487841223e+02 9.239989465332031386e+02 3.312025435929445507e+02 3.568697753906250227e+02 4.027168583369755765e+02
7.224172119140624773e+02 5.321437529996800322e+02 7.211564758300781932e+02 4.808657926487841223e+02 9.155990832519531750e+02 3.699699134433392373e+02 3.568610595703125341e+02 4.027727204436189368e+02
7.224171569824219432e+02 5.321437529996800322e+02 7.211564758300781932e+02 4.808657926487841223e+02 9.152585217285156887e+02 3.699699134433392373e+02 3.567862402343750432e+02 4.028302556818181870e+02
7.224171569824219432e+02 5.321440279703498391e+02 7.211566955566406705e+02 4.808657926487841223e+02 9.152585217285156887e+02 3.699699134433392373e+02 3.567862402343750432e+02 4.028302556818181870e+02
7.224171569824219432e+02 5.321440279703498391e+02 7.211565307617187273e+02 4.808660126253199678e+02 9.155990832519531750e+02 3.314194763812822089e+02 3.567762939453125455e+02 4.028302556818181870e+02
7.224171569824219432e+02 5.321440279703498391e+02 7.211566955566406705e+02 4.808660126253199678e+02 9.156878222656250728e+02 3.296376131981918434e+02 3.567862402343750432e+02 4.027644230769230944e+02
7.224171569824219432e+02 5.321435880172781481e+02 7.211565307617187273e+02 4.808660126253199678e+02 9.156878222656250728e+02 3.296376131981918434e+02 3.567687744140625341e+02 4.027644230769230944e+02
7.224178710937500227e+02 5.321440279703498391e+02 7.211566406250000227e+02 4.808660126253199678e+02 9.156878222656250728e+02 3.296376131981918434e+02 3.567687744140625341e+02 4.027644230769230944e+02
7.224169372558593523e+02 5.321435880172781481e+02 7.211566406250000227e+02 4.808652977015784700e+02 9.080665722656250409e+02 3.311337500503382216e+02 3.567520605468750432e+02 4.028168706293706691e+02
7.224178710937500227e+02 5.321440279703498391e+02 7.211566406250000227e+02 4.808652427074445086e+02 9.080665722656250409e+02 3.311887807944386282e+02 3.567344238281250455e+02 4.028201144558566966e+02
7.224170471191406477e+02 5.321435880172781481e+02 7.211566406250000227e+02 4.808643628013011835e+02 9.080665722656250409e+02 3.312890058694426330e+02 3.566592626953125205e+02 4.028561721481643758e+02
7.224175415039062500e+02 5.321440279703498391e+02 7.211566406250000227e+02 4.808643628013011835e+02 9.081148266601562682e+02 3.312890058694426330e+02 3.566238525390625114e+02 4.028583916083916279e+02
7.224170471191406477e+02 5.321435880172781481e+02 7.211566406250000227e+02 4.808645277837030676e+02 9.082750476074219250e+02 3.315379018881886282e+02 3.566238525390625114e+02 4.029447115384615472e+02
7.224175415039062500e+02 5.321440279703498391e+02 7.211563659667968977e+02 4.808645277837030676e+02 9.157181652832032341e+02 3.473380240214239620e+02 3.566076513671875432e+02 4.029661549388112007e+02
7.224170471191406477e+02 5.321435880172781481e+02 7.211563659667968977e+02 4.808645277837030676e+02 9.157181652832032341e+02 3.473380240214239620e+02 3.565853320312500614e+02 4.029947347574300807e+02
7.224170471191406477e+02 5.321435880172781481e+02 7.211563659667968977e+02 4.808645277837030676e+02 9.157181652832032341e+02 3.473380240214239620e+02 3.564533300781250205e+02 4.029995151333042145e+02
7.224170471191406477e+02 5.321435880172781481e+02 7.211563659667968977e+02 4.808643628013011835e+02 9.083010559082031250e+02 3.314818281979904668e+02 3.562654101562500273e+02 4.029995151333042145e+02
7.224170471191406477e+02 5.321435880172781481e+02 7.211562561035156023e+02 4.808643628013011835e+02 9.082711218261719068e+02 3.312953453457232627e+02 3.560726708984375364e+02 4.029995151333042145e+02
