3.808870147705078466e+02 4.606740914302474152e+02 2.243797393798828068e+02 3.935588103935580193e+02 9.196986621093750500e+02 7.373211732844715698e+02 5.942531054687500500e+02 7.009171492569930706e+02
3.809221710205078466e+02 4.607522655916702092e+02 2.244092788696289062e+02 3.935777283756399356e+02 9.197051232910156386e+02 7.375889036827479686e+02 5.943105273437500955e+02 7.010077032342658185e+02
3.809460937499999886e+02 4.607636768744666824e+02 2.244318145751953182e+02 3.935892771437713122e+02 9.200282641601562545e+02 7.378284131866139433e+02 5.944330273437500409e+02 7.011117788461539249e+02
3.809570800781249886e+02 4.608389913409235987e+02 2.244332153320312671e+02 3.935892771437713122e+02 9.199401794433593977e+02 7.377157750080540382e+02 5.943105273437500955e+02 7.010504534527972282e+02
3.809717468261719091e+02 4.608490827645051127e+02 2.244511505126953068e+02 3.935892771437713122e+02 9.199401794433593977e+02 7.378266953930411773e+02 5.942969921875001091e+02 7.010504534527972282e+02
3.809755645751953352e+02 4.608496602029116502e+02 2.244521942138671875e+02 3.935888646877666019e+02 9.200282641601562545e+02 7.378266953930411773e+02 5.943916015625000000e+02 7.010792039991259799e+02
3.809794921875000000e+02 4.608538397570925440e+02 2.244521942138671875e+02 3.935888646877666019e+02 9.201059619140625045e+02 7.377683722112595888e+02 5.942969921875001091e+02 7.010792039991259799e+02
3.809794921875000000e+02 4.608538397570925440e+02 2.244511505126953068e+02 3.935863624546714732e+02 9.202521972656250000e+02 7.377394151196036773e+02 5.942929589843751046e+02 7.010585800917832557e+02
3.809794921875000000e+02 4.608538397570925440e+02 2.244510543823242301e+02 3.935851250866573992e+02 9.204482409667969023e+02 7.377394151196036773e+02 5.941812597656251000e+02 7.010585800917832557e+02
3.809147552490234716e+02 4.604891461577431642e+02 2.243292846679687500e+02 3.934387581991254024e+02 9.204520849609375546e+02 7.374302940761920127e+02 5.942929589843751046e+02 7.010061325393356810e+02
3.809147552490234716e+02 4.603288382572525279e+02 2.243292846679687500e+02 3.933903633612414410e+02 9.204520849609375546e+02 7.368454262644974051e+02 5.941711425781250000e+02 7.010016936188811769e+02
3.809147552490234716e+02 4.601291820539142350e+02 2.243292846679687500e+02 3.932055555740720933e+02 9.204482409667969023e+02 7.366929516349870255e+02 5.941150878906250909e+02 7.010016936188811769e+02
3.809666107177734489e+02 4.598943021077751609e+02 2.244191528320312443e+02 3.929452408409769646e+02 9.203478063964844296e+02 7.364343828024323102e+02 5.934433203125000773e+02 7.003684986888112007e+02
3.810188507080078466e+02 4.592167743773997017e+02 2.249117248535156364e+02 3.910055977362414410e+02 9.193176159667968932e+02 7.352041972052189749e+02 5.934433203125000773e+02 7.003684986888112007e+02
3.810188507080078466e+02 4.583356033689739775e+02 2.251048507690429688e+02 3.893725469283276084e+02 9.182406433105469432e+02 7.330711883859535192e+02 5.911776855468750682e+02 7.000185068837413382e+02
3.810188507080078466e+02 4.574922133305780676e+02 2.252826095581054631e+02 3.882571284063033090e+02 9.175299133300782159e+02 7.319062789445069939e+02 5.906595214843750909e+02 6.998096044580420312e+02
3.810188507080078466e+02 4.564335762518664410e+02 2.253108032226562614e+02 3.869336670755119485e+02 9.159147814941406978e+02 7.315983848965045127e+02 3.004782470703125341e+02 2.372359162444001690e+00
3.810188507080078466e+02 4.551189689766424635e+02 2.262249755859375000e+02 3.862486326458511030e+02 9.136504235839844341e+02 7.279022657256764433e+02 3.004752392578125182e+02 2.372359162444001690e+00
3.811532135009765625e+02 4.542596581364654185e+02 2.274097549438476733e+02 3.852551636158809742e+02 9.134905297851563546e+02 7.255294202037692912e+02 3.004721630859375523e+02 2.372359162444001690e+00
3.811567565917968636e+02 4.539072007319219324e+02 2.287854354858398551e+02 3.850416488907849839e+02 9.127560815429687864e+02 7.212317460836823102e+02 3.004721630859375523e+02 2.377812578961565837e+00
3.811567565917968636e+02 4.534523442499466341e+02 2.298839172363281307e+02 3.847193007745840418e+02 9.123707006835937818e+02 7.178382039807505635e+02 3.004608837890625068e+02 2.380802181217220426e+00
3.811567565917968636e+02 4.528203241654223348e+02 2.308222045898437500e+02 3.846008159129692672e+02 9.101972082519531568e+02 7.168542354623066331e+02 3.004014794921875477e+02 2.380802181217220426e+00
3.810438446044922216e+02 4.523796011758745408e+02 2.313967895507812500e+02 3.842737108041808938e+02 9.101972082519531568e+02 7.146826989871939304e+02 3.003878759765625546e+02 2.380802181217220426e+00
3.810438446044922216e+02 4.523796011758745408e+02 2.328795593261718864e+02 3.839544973536155794e+02 9.096646923828125182e+02 7.119115707554767596e+02 3.003756054687500523e+02 2.375394914533708768e+00
3.810438446044922216e+02 4.523796011758745408e+02 2.341390869140625171e+02 3.839544973536155794e+02 9.096646923828125182e+02 7.043009272309922153e+02 3.003878759765625546e+02 2.375394914533708768e+00
3.815317199707031364e+02 4.524846949658702897e+02 2.363921905517578068e+02 3.839544973536155794e+02 9.101972082519531568e+02 7.026819476884664937e+02 3.003878759765625546e+02 2.375394914533708768e+00
3.819128631591797216e+02 4.527106933593750000e+02 2.380982574462890682e+02 3.860208469429927618e+02 9.106092517089844023e+02 6.989953990818298735e+02 5.721383349609375273e+02 7.014136937281468818e+02
3.819553253173828011e+02 4.531298036542768841e+02 2.393755279541015568e+02 3.861525303967576406e+02 9.125917712402343795e+02 6.945283995952802343e+02 5.723594091796875318e+02 7.017179305069930706e+02
3.830473114013672102e+02 4.545023197525596856e+02 2.415380767822265682e+02 3.899268877986348230e+02 9.151153125000000728e+02 6.917326496556861457e+02 5.729475732421875591e+02 7.030327387456294446e+02
3.851792083740234602e+02 4.567051372853562157e+02 2.449631469726562614e+02 3.949383382439206116e+02 9.199863891601562500e+02 6.907709306539948102e+02 5.729475732421875591e+02 7.049119045017482676e+02
3.873313751220703125e+02 4.586941926194539292e+02 2.482078765869140682e+02 3.979891928194325601e+02 9.256526000976563182e+02 6.873917852971970888e+02 5.755276953125001000e+02 7.066813947770979212e+02
3.889850646972656136e+02 4.621844503252985987e+02 2.539750671386718750e+02 3.983915299034769646e+02 9.258170739746094569e+02 6.702159354612998641e+02 5.761573535156250045e+02 7.097488936844406453e+02
3.924469665527344091e+02 4.640163049274743798e+02 2.615321777343750114e+02 4.056612869627239775e+02 9.342151379394531432e+02 6.564659386074420127e+02 5.772370214843750773e+02 7.126437527316434171e+02
3.967946411132812727e+02 4.684001623160195891e+02 2.695399200439453011e+02 4.105199912009385343e+02 9.362131970214844614e+02 6.406987204010953292e+02 5.774021093750000091e+02 7.199146361451049643e+02
4.011720336914062841e+02 4.719549831351322382e+02 2.739349182128906364e+02 4.133921148410835826e+02 9.397518798828125455e+02 6.290208733942090475e+02 5.804594824218750091e+02 7.251995465472028854e+02
4.039187255859375227e+02 4.734886045488481159e+02 2.757864715576171761e+02 4.158479053900916824e+02 9.445875427246094205e+02 6.145885852931700128e+02 5.846149121093750409e+02 7.278094951923077360e+02
4.067763793945312614e+02 4.749684416995520451e+02 2.923906860351562500e+02 4.175657296555033895e+02 9.507860241699219159e+02 5.986516736217380412e+02 5.870590332031250682e+02 7.314105523382867204e+02
4.134621643066406591e+02 4.752519364601109260e+02 3.023745666503906477e+02 4.248997198632145569e+02 9.556144079589844296e+02 5.871274055402302565e+02 5.880466210937501046e+02 7.329753059440560037e+02
4.159135711669921989e+02 4.760121753679607082e+02 3.095129608154297216e+02 4.265708816059620290e+02 9.576001171875000182e+02 5.770763090467944494e+02 5.897264843750000409e+02 7.355444848120630468e+02
4.197811157226562386e+02 4.769808420435153380e+02 3.151149719238281364e+02 4.265708816059620290e+02 9.581989624023437955e+02 5.676841090880717502e+02 5.911091210937501046e+02 7.379148683347902988e+02
4.214213745117187386e+02 4.782480168781996213e+02 3.208978179931640966e+02 4.265836677421074796e+02 9.591369787597657250e+02 5.572785745207795571e+02 5.911091210937501046e+02 7.385249808784965353e+02
4.240773468017578125e+02 4.787718360041595247e+02 3.257607788085937841e+02 4.270033279783489775e+02 9.593365393066407023e+02 5.502606924784552120e+02 5.911091210937501046e+02 7.391826923076923777e+02
4.243068786621093977e+02 4.793177077778370290e+02 3.264906555175781477e+02 4.270033279783489775e+02 9.593365393066407023e+02 5.463648593548646204e+02 5.907498925781250136e+02 7.392202524038461888e+02
4.243068786621093977e+02 4.796347489601109260e+02 3.295290344238281364e+02 4.283378706271330998e+02 9.595011767578125728e+02 5.421687804546552343e+02 5.897964160156250273e+02 7.393632539335665115e+02
4.243068786621093977e+02 4.796824288742533895e+02 3.295290344238281364e+02 4.285527602055780676e+02 9.595011767578125728e+02 5.364352763067815886e+02 5.871858398437500455e+02 7.426712057473777122e+02
4.236959838867187500e+02 4.807059247013651770e+02 3.295290344238281364e+02 4.288669141958191062e+02 9.599105212402344023e+02 5.364352763067815886e+02 5.837607617187500182e+02 7.428472601617133932e+02
4.220368835449218636e+02 4.811522570925768036e+02 3.287636444091796761e+02 4.290664054167555150e+02 9.605525500488281523e+02 5.364352763067815886e+02 5.806438476562500455e+02 7.443850387893356810e+02
4.181031738281250227e+02 4.815016348256185665e+02 3.265000762939453125e+02 4.292570150850575601e+02 9.613944665527344569e+02 5.384744608770940886e+02 5.749463671875000728e+02 7.453693864729021925e+02
4.151089599609375114e+02 4.817503732935153380e+02 3.201083679199218750e+02 4.314630497746906599e+02 9.627594116210938182e+02 5.448397040612918545e+02 5.714897753906250273e+02 7.469316815996504602e+02
4.130682220458984375e+02 4.817503732935153380e+02 3.158884368896484602e+02 4.317984040035729549e+02 9.642425390625001000e+02 5.474513228898194939e+02 5.671222265625000318e+02 7.469957386363637397e+02
4.103813781738281250e+02 4.828163795861774474e+02 3.133261230468750114e+02 4.319832392878092833e+02 9.664216748046875409e+02 5.489522654739851077e+02 5.640561035156250682e+02 7.496172284746504602e+02
4.080531280517578239e+02 4.839989734428327210e+02 3.109144866943359489e+02 4.353640036729415215e+02 9.670934741210937773e+02 5.505611427543088894e+02 5.607453222656250773e+02 7.527401797421329093e+02
4.052000061035156477e+02 4.847449138758532285e+02 3.075496215820312500e+02 4.357819040968963122e+02 9.683242065429687955e+02 5.583188621285034969e+02 5.562328515625000591e+02 7.531272536057692832e+02
4.017433227539062841e+02 4.865626349856015054e+02 3.037588165283203239e+02 4.409219033303114088e+02 9.715031896972657250e+02 5.635730609697164937e+02 5.544409472656250273e+02 7.537972574300699762e+02
4.013762969970703125e+02 4.867592940086390740e+02 3.011159729003906591e+02 4.410379409529650161e+02 9.741587353515625409e+02 5.647599745288337090e+02 5.514791748046875455e+02 7.567916848776224015e+02
3.995210906982421761e+02 4.874974252746373509e+02 2.980444976806640511e+02 4.425844034969603058e+02 9.770344519042969296e+02 5.681406740798163355e+02 5.478518896484375773e+02 7.581456239073427241e+02
3.976493225097656250e+02 4.886958024477389131e+02 2.958720611572265966e+02 4.425844034969603058e+02 9.816463452148437909e+02 5.700001447225354241e+02 5.477525976562500318e+02 7.599696787587413382e+02
3.971864135742187614e+02 4.890732821832338004e+02 2.956885620117187727e+02 4.428361116480908777e+02 9.820729467773437591e+02 5.700001447225354241e+02 5.476602099609375500e+02 7.599992487980770193e+02
3.971844909667968864e+02 4.891850852575724957e+02 2.956268737792968864e+02 4.434684891944859260e+02 9.850035424804688091e+02 5.703700838383939526e+02 5.475447509765625682e+02 7.601922394012237874e+02
3.971844909667968864e+02 4.891850852575724957e+02 2.954046478271484375e+02 4.434684891944859260e+02 9.887848059082032250e+02 5.703700838383939526e+02 5.475447509765625682e+02 7.602841592001748268e+02
3.971864135742187614e+02 4.891850852575724957e+02 2.954046478271484375e+02 4.439402563726535504e+02 9.902699780273437682e+02 5.700699198614689749e+02 5.475447509765625682e+02 7.602841592001748268e+02
3.977195526123047102e+02 4.890611834737628101e+02 2.953519409179687614e+02 4.442157219896544120e+02 9.918215612792969296e+02 5.700699198614689749e+02 5.484631933593750546e+02 7.602964515952797910e+02
3.983579132080078011e+02 4.889228732268558133e+02 2.953519409179687614e+02 4.445439269811220129e+02 9.930504943847656705e+02 5.700699198614689749e+02 5.490900830078124955e+02 7.603613964160839487e+02
3.986128509521484489e+02 4.889228732268558133e+02 2.953519409179687614e+02 4.447500724922674635e+02 9.942588171386719296e+02 5.699873021705863039e+02 5.492441650390625227e+02 7.603613964160839487e+02
3.986173553466796875e+02 4.889228732268558133e+02 2.952798706054687727e+02 4.453104627173101449e+02 9.942588171386719296e+02 5.698448071037370255e+02 5.492511035156250045e+02 7.603660402097902988e+02
3.986677825927734489e+02 4.891269564579778262e+02 2.952798706054687727e+02 4.453177769371266663e+02 9.942588171386719296e+02 5.697866066214963894e+02 5.493274609375000637e+02 7.603660402097902988e+02
3.987588043212890625e+02 4.891269564579778262e+02 2.952798706054687727e+02 4.453177769371266663e+02 9.935273950195313546e+02 5.697866066214963894e+02 5.494082958984375864e+02 7.603613964160839487e+02
3.987912689208984602e+02 4.891368554020904185e+02 2.953055786132812841e+02 4.453177769371266663e+02 9.935039221191407250e+02 5.697670973944909747e+02 5.495663769531250864e+02 7.602972027972028854e+02
3.989191223144531477e+02 4.891368554020904185e+02 2.953522155761718864e+02 4.452364681100682446e+02 9.934694897460938137e+02 5.697670973944909747e+02 5.497422656250000728e+02 7.602737106643356810e+02
3.990999572753906364e+02 4.893274650703924635e+02 2.954225555419922102e+02 4.450687909956271255e+02 9.931161694335937682e+02 5.696953181630557310e+02 5.499076269531250318e+02 7.602122486888112007e+02
3.991331909179687614e+02 4.894096263065272865e+02 2.955800720214843977e+02 4.450250431620626728e+02 9.931161694335937682e+02 5.695266471941446298e+02 5.500103710937501091e+02 7.601283872377622401e+02
3.991468414306640966e+02 4.894096263065272865e+02 2.956912536621093750e+02 4.450137418675341223e+02 9.928684362792969296e+02 5.694682831125160192e+02 5.500831738281250409e+02 7.601196459790210156e+02
3.991583770751953466e+02 4.894414679100895569e+02 2.957676910400390966e+02 4.449653470296501609e+02 9.927765075683594205e+02 5.694327411454977437e+02 5.502163037109376091e+02 7.600803786057692832e+02
3.992857635498046989e+02 4.894414679100895569e+02 2.957678558349609261e+02 4.449495637132039292e+02 9.924380725097656750e+02 5.693557676334970665e+02 5.504460595703125136e+02 7.600080583479021925e+02
3.992904327392578239e+02 4.895725739254479549e+02 2.958158386230468864e+02 4.449495637132039292e+02 9.922350769042969887e+02 5.693557676334970665e+02 5.505456591796875045e+02 7.600080583479021925e+02
3.993305877685547216e+02 4.895466716883532285e+02 2.958158386230468864e+02 4.449495637132039292e+02 9.921330065917969705e+02 5.693557676334970665e+02 5.506893164062501000e+02 7.599785565996504602e+02
3.994434173583984489e+02 4.895466716883532285e+02 2.958223480224609716e+02 4.449495637132039292e+02 9.920623425292969841e+02 5.693899190057184114e+02 5.507239404296875591e+02 7.599671519886363740e+02
3.994544036865234489e+02 4.895466716883532285e+02 2.958230895996093750e+02 4.449394172954884539e+02 9.915204211425781295e+02 5.697555227377979463e+02 5.507620849609375000e+02 7.599671519886363740e+02
3.995005462646484489e+02 4.894485621533702897e+02 2.958563781738281477e+02 4.448425176314526084e+02 9.915117517089844341e+02 5.697852569265463671e+02 5.507674511718751091e+02 7.599067826704546178e+02
3.995154052734375227e+02 4.893981875266638326e+02 2.958563781738281477e+02 4.448302814366467715e+02 9.913407348632813409e+02 5.697852569265463671e+02 5.508342041015625909e+02 7.598828807910839487e+02
3.995226287841796875e+02 4.893981875266638326e+02 2.958570922851562841e+02 4.448291815539675440e+02 9.911124670410156341e+02 5.697852569265463671e+02 5.508571044921875455e+02 7.598317307692308304e+02
3.995749237060546761e+02 4.893759698965443476e+02 2.958619262695312386e+02 4.448135632199231964e+02 9.909890502929688409e+02 5.697834982331265792e+02 5.508571044921875455e+02 7.597721126529720550e+02
3.996195831298828125e+02 4.893681057353882125e+02 2.958654693603515966e+02 4.448135632199231964e+02 9.909890502929688409e+02 5.696114734767637628e+02 5.508571044921875455e+02 7.597655567089161650e+02
3.996195831298828125e+02 4.893681057353882125e+02 2.958875793457031591e+02 4.448135632199231964e+02 9.909890502929688409e+02 5.696108190792123196e+02 5.508353320312500045e+02 7.597655567089161650e+02
3.996195831298828125e+02 4.892637268691339614e+02 2.959762939453125341e+02 4.453360899837350644e+02 9.909890502929688409e+02 5.696108190792123196e+02 5.508353320312500045e+02 7.597655567089161650e+02
3.995890136718750227e+02 4.892362847962883734e+02 2.959762939453125341e+02 4.453655118454031481e+02 9.909668859863281796e+02 5.696114734767637628e+02 5.508353320312500045e+02 7.598697689029720550e+02
3.995354278564453239e+02 4.892169268611348230e+02 2.959762939453125341e+02 4.458715403690272865e+02 9.909668859863281796e+02 5.697250523518040382e+02 5.509864746093750227e+02 7.599734347683566966e+02
3.995354278564453239e+02 4.891843703338310547e+02 2.959753051757812727e+02 4.459446825671928423e+02 9.909668859863281796e+02 5.698909421311210508e+02 5.509910205078125500e+02 7.599734347683566966e+02
3.995354278564453239e+02 4.891843703338310547e+02 2.959753051757812727e+02 4.459504019571245408e+02 9.909441491699219569e+02 5.699132734475675761e+02 5.509917382812500364e+02 7.599734347683566966e+02
3.995933532714843750e+02 4.891843703338310547e+02 2.959753051757812727e+02 4.459504019571245408e+02 9.909441491699219569e+02 5.699132734475675761e+02 5.510792382812500136e+02 7.598414281031468818e+02
3.996614959716796989e+02 4.891843703338310547e+02 2.960509735107422102e+02 4.459504019571245408e+02 9.909325354003906341e+02 5.699629667616381994e+02 5.510792382812500136e+02 7.598007949082168579e+02
3.996848693847656477e+02 4.891490640998293316e+02 2.960687713623046875e+02 4.459504019571245408e+02 9.909325354003906341e+02 5.699762183120569716e+02 5.511142382812500955e+02 7.597889122596154721e+02
3.996886871337890739e+02 4.891725465950298712e+02 2.960770385742187614e+02 4.460794456924594442e+02 9.909325354003906341e+02 5.699762183120569716e+02 5.510792382812500136e+02 7.597438401442308304e+02
3.997056610107421761e+02 4.891725465950298712e+02 2.960835205078125227e+02 4.460794456924594442e+02 9.909724475097656295e+02 5.699378133557505635e+02 5.510733935546875273e+02 7.597438401442308304e+02
3.997806427001953011e+02 4.891725465950298712e+02 2.960839324951172102e+02 4.462327418408702897e+02 9.909724475097656295e+02 5.699762183120569716e+02 5.510733935546875273e+02 7.597549715909091219e+02
3.998098937988281136e+02 4.891905846709684056e+02 2.961464447021484716e+02 4.462932628852922221e+02 9.910356689453125227e+02 5.699378133557505635e+02 5.510977978515625182e+02 7.597549715909091219e+02
3.998415344238281364e+02 4.892862744640571577e+02 2.961464447021484716e+02 4.464548356508639131e+02 9.911221997070313137e+02 5.698558909622663577e+02 5.510608154296875227e+02 7.599676983173077360e+02
3.998739440917968864e+02 4.894750143318045730e+02 2.961518829345703239e+02 4.464825251973122704e+02 9.911221997070313137e+02 5.697493877607522563e+02 5.510608154296875227e+02 7.599995219624125866e+02
3.998751800537109489e+02 4.894750143318045730e+02 2.961518829345703239e+02 4.465041653890251609e+02 9.912175634765625318e+02 5.697493877607522563e+02 5.510266015625001046e+02 7.599995219624125866e+02
3.998751800537109489e+02 4.894750143318045730e+02 2.961392211914062500e+02 4.465247056980588809e+02 9.912175634765625318e+02 5.697493877607522563e+02 5.509574218750000227e+02 7.599676983173077360e+02
3.998739440917968864e+02 4.894556563966510225e+02 2.961059875488281250e+02 4.468369073965443476e+02 9.913503857421875409e+02 5.697493877607522563e+02 5.509574218750000227e+02 7.599676983173077360e+02
3.998077239990234375e+02 4.891686970056526889e+02 2.960936004638671761e+02 4.468985283236454507e+02 9.915453662109375728e+02 5.699003899957715475e+02 5.509543115234375819e+02 7.599325967001748268e+02
3.997893218994140625e+02 4.890325865241040901e+02 2.960452331542969091e+02 4.469870413822525279e+02 9.915453662109375728e+02 5.699657479512322880e+02 5.509464160156250045e+02 7.599325967001748268e+02
3.997893218994140625e+02 4.890325865241040901e+02 2.959145233154296761e+02 4.469870413822525279e+02 9.915453662109375728e+02 5.701203493727850855e+02 5.509543115234375819e+02 7.599511718750000000e+02
3.997883605957031250e+02 4.890325865241040901e+02 2.958915893554687386e+02 4.469870413822525279e+02 9.915526452636719341e+02 5.701239485593185918e+02 5.509882519531250864e+02 7.599683812281468818e+02
3.997893218994140625e+02 4.890561790075724957e+02 2.958915893554687386e+02 4.466434380332764249e+02 9.915526452636719341e+02 5.701239485593185918e+02 5.510021972656250000e+02 7.601382211538461888e+02
3.997908599853515739e+02 4.890561790075724957e+02 2.959145233154296761e+02 4.462617787436006438e+02 9.915031640625001046e+02 5.701422716907618451e+02 5.510021972656250000e+02 7.601382211538461888e+02
3.997943481445312841e+02 4.890561790075724957e+02 2.960594055175781136e+02 4.462617787436006438e+02 9.915638500976563137e+02 5.701239485593185918e+02 5.510021972656250000e+02 7.601552939248252869e+02
3.997908599853515739e+02 4.890114687766638326e+02 2.960594055175781136e+02 4.462617787436006438e+02 9.915638500976563137e+02 5.700125373761677565e+02 5.509730078125001000e+02 7.601735959353147791e+02
3.997943481445312841e+02 4.890114687766638326e+02 2.960594055175781136e+02 4.464478238987841223e+02 9.919083374023438182e+02 5.698179768041236457e+02 5.509481250000000045e+02 7.601800835882867204e+02
3.997908599853515739e+02 4.890036596096416019e+02 2.959957672119140852e+02 4.468559078698272060e+02 9.921735729980468932e+02 5.697988765755878831e+02 5.509466552734375000e+02 7.602455747377622401e+02
3.997902282714844091e+02 4.889914509119026889e+02 2.959690704345703125e+02 4.473526148877452897e+02 9.922113586425781477e+02 5.697988765755878831e+02 5.508394335937500728e+02 7.602758276879370669e+02
3.997732269287109261e+02 4.889339270477815376e+02 2.959690704345703125e+02 4.474047218296714732e+02 9.922113586425781477e+02 5.698179768041236457e+02 5.508016650390625273e+02 7.603328507430070431e+02
3.997150817871093977e+02 4.887966066952858455e+02 2.959690704345703125e+02 4.474047218296714732e+02 9.921735729980468932e+02 5.698428848109293767e+02 5.507934960937500364e+02 7.603891908872378735e+02
3.997004974365234489e+02 4.887966066952858455e+02 2.959997497558593977e+02 4.473526148877452897e+02 9.918233605957032069e+02 5.699509831064755190e+02 5.507730908203125182e+02 7.603891908872378735e+02
3.997004974365234489e+02 4.887966066952858455e+02 2.959997497558593977e+02 4.471803457631185665e+02 9.913956958007812545e+02 5.700592859012564304e+02 5.506554785156250773e+02 7.603146170236014996e+02
3.997004974365234489e+02 4.889857865161049517e+02 2.959997497558593977e+02 4.470843809993600644e+02 9.913956958007812545e+02 5.701177726824258798e+02 5.505843505859375000e+02 7.603146170236014996e+02
3.997410919189453011e+02 4.891484591643558133e+02 2.958539062500000227e+02 4.470480023797461513e+02 9.913241320800781295e+02 5.701177726824258798e+02 5.505716699218750136e+02 7.602970662150349881e+02
3.997517761230469091e+02 4.891847552927687275e+02 2.958318237304687841e+02 4.470296343390038487e+02 9.912860192871094114e+02 5.701177726824258798e+02 5.504696777343750682e+02 7.602873005900349881e+02
3.997517761230469091e+02 4.891906396651023670e+02 2.957763702392578011e+02 4.470480023797461513e+02 9.912106933593751137e+02 5.700012081185566331e+02 5.504479052734375273e+02 7.602444820804196297e+02
3.997597137451172102e+02 4.897313419901876728e+02 2.957755462646484261e+02 4.470480023797461513e+02 9.909488928222656341e+02 5.695236615053156584e+02 5.503875097656250546e+02 7.601946295891608543e+02
3.997517761230469091e+02 4.897313419901876728e+02 2.957755462646484261e+02 4.472936061820072382e+02 9.908158251953125273e+02 5.695236615053156584e+02 5.502888671875000455e+02 7.601946295891608543e+02
3.997498260498047102e+02 4.897518548021544120e+02 2.957763702392578011e+02 4.473034226349189453e+02 9.906327856445312818e+02 5.695001440933069716e+02 5.502288134765625500e+02 7.602444820804196297e+02
3.997143676757812614e+02 4.899034186353455311e+02 2.957763702392578011e+02 4.475070109188353058e+02 9.904870410156250955e+02 5.695001440933069716e+02 5.501704687500000546e+02 7.603555916739511531e+02
3.997498260498047102e+02 4.900329848149530676e+02 2.958040283203125114e+02 4.475070109188353058e+02 9.903832531738281659e+02 5.694747861881845665e+02 5.501582666015625591e+02 7.606415264423077360e+02
3.997011566162109375e+02 4.900703258319112479e+02 2.958834320068359602e+02 4.474230623733468519e+02 9.902671154785157341e+02 5.692466468417767373e+02 5.501474658203125045e+02 7.607782451923077360e+02
3.988597961425781477e+02 4.900903436966723348e+02 2.958834320068359602e+02 4.474230623733468519e+02 9.902442968750000318e+02 5.692005118143927120e+02 5.501474658203125045e+02 7.610719651442308304e+02
3.987730041503906477e+02 4.900703258319112479e+02 2.959641265869140625e+02 4.465561073485494603e+02 9.902442968750000318e+02 5.691288552824983071e+02 5.501125683593750182e+02 7.610737407124125866e+02
3.987730041503906477e+02 4.900903436966723348e+02 2.960171081542968636e+02 4.464941289595776084e+02 9.902671154785157341e+02 5.690434155021745255e+02 5.500678271484375728e+02 7.611481097027972282e+02
3.987687194824218864e+02 4.900903436966723348e+02 2.961430389404296761e+02 4.464941289595776084e+02 9.902734130859375909e+02 5.687351942553962090e+02 5.500515234375000091e+02 7.612360003277972282e+02
3.987647918701172216e+02 4.900903436966723348e+02 2.961547943115234602e+02 4.464941289595776084e+02 9.902734130859375909e+02 5.687327811644248641e+02 5.500384326171875955e+02 7.612585363854896059e+02
3.987307342529297216e+02 4.901874633372440258e+02 2.961547943115234602e+02 4.467390178380972543e+02 9.903780187988281796e+02 5.686158485019329873e+02 5.500176171875000364e+02 7.613083205856644327e+02
3.986414978027343636e+02 4.902301387851962318e+02 2.961606994628906477e+02 4.467636277130439453e+02 9.903988745117187591e+02 5.684778933180975855e+02 5.500159082031250364e+02 7.613441734047203227e+02
3.986327362060546875e+02 4.902301387851962318e+02 2.961606994628906477e+02 4.467636277130439453e+02 9.908351269531250409e+02 5.683046415663256994e+02 5.498926562500000728e+02 7.614807555725525390e+02
3.986104064941406477e+02 4.902301387851962318e+02 2.962392791748047216e+02 4.467390178380972543e+02 9.910109692382812909e+02 5.681649276890705096e+02 5.497859130859375227e+02 7.616523027753496535e+02
3.986104064941406477e+02 4.900906186673421416e+02 2.964874328613281591e+02 4.460228567286155794e+02 9.910109692382812909e+02 5.681267681318460063e+02 5.497859130859375227e+02 7.616716291520979212e+02
3.986104064941406477e+02 4.900272654250213122e+02 2.965013031005859716e+02 4.460150200645264249e+02 9.908351269531250409e+02 5.680884449752335286e+02 5.497859130859375227e+02 7.616716291520979212e+02
3.986130432128906591e+02 4.899713363907849839e+02 2.965977355957031136e+02 4.459420428487628101e+02 9.903611706542969841e+02 5.680884449752335286e+02 5.498006445312501000e+02 7.616716291520979212e+02
3.986829162597656477e+02 4.899713363907849839e+02 2.965977355957031136e+02 4.459420428487628101e+02 9.901915441894532250e+02 5.680653365616944939e+02 5.498807275390626046e+02 7.616338641826923777e+02
3.986900299072265739e+02 4.899606125346629710e+02 2.965977355957031136e+02 4.459420428487628101e+02 9.900936450195313228e+02 5.680035777927673735e+02 5.498838720703125773e+02 7.615609975961539249e+02
3.995746765136718750e+02 4.899253063006612479e+02 2.965886169433593977e+02 4.459420428487628101e+02 9.899620495605469159e+02 5.679257453839802565e+02 5.498838720703125773e+02 7.615609975961539249e+02
3.996038726806640966e+02 4.898766914862414410e+02 2.965164642333984375e+02 4.459420428487628101e+02 9.898699572753906750e+02 5.676771970139335508e+02 5.498807275390626046e+02 7.615609975961539249e+02
3.996471588134765511e+02 4.897447055647397178e+02 2.964971008300781250e+02 4.460384750626599839e+02 9.896887988281250728e+02 5.676465221287048735e+02 5.498803515625000955e+02 7.616355714597902988e+02
3.996806671142578011e+02 4.896283379772823992e+02 2.964971008300781250e+02 4.460518661342790097e+02 9.895176184082031341e+02 5.675940476250402753e+02 5.498803515625000955e+02 7.616910238199301375e+02
3.996806671142578011e+02 4.894838683873720129e+02 2.964941894531249886e+02 4.458979100562606277e+02 9.895176184082031341e+02 5.675940476250402753e+02 5.498803515625000955e+02 7.618758877840909918e+02
3.996806671142578011e+02 4.894570312500000000e+02 2.964941894531249886e+02 4.460052861028156599e+02 9.895176184082031341e+02 5.675940476250402753e+02 5.499539062500000455e+02 7.618758877840909918e+02
3.996806671142578011e+02 4.894570312500000000e+02 2.964530456542968864e+02 4.460052861028156599e+02 9.895176184082031341e+02 5.675889351441687722e+02 5.499578369140625682e+02 7.618758877840909918e+02
3.996339202880859602e+02 4.894570312500000000e+02 2.964133575439453239e+02 4.460052861028156599e+02 9.896654077148438091e+02 5.675819412703366424e+02 5.499578369140625682e+02 7.619119454763986141e+02
3.996339202880859602e+02 4.894570312500000000e+02 2.964133575439453239e+02 4.460052861028156599e+02 9.897269934082031568e+02 5.676023911938224273e+02 5.499578369140625682e+02 7.619119454763986141e+02
3.996339202880859602e+02 4.894570312500000000e+02 2.964133575439453239e+02 4.461200588603882125e+02 9.899703918457031477e+02 5.675819412703366424e+02 5.499319970703126046e+02 7.619509396853147791e+02
3.996409240722656477e+02 4.895057560526876728e+02 2.964275573730469091e+02 4.461989479455524474e+02 9.904113879394532205e+02 5.675607551496052565e+02 5.497747705078126046e+02 7.619509396853147791e+02
3.996409240722656477e+02 4.895057560526876728e+02 2.964423614501953352e+02 4.461989479455524474e+02 9.904113879394532205e+02 5.675312663599387406e+02 5.497636962890625227e+02 7.619509396853147791e+02
3.996786071777343636e+02 4.895531609961603863e+02 2.964446685791015739e+02 4.461818722669581803e+02 9.904327343750001091e+02 5.674500801637000222e+02 5.497340625000000500e+02 7.619487543706294446e+02
3.996973388671875114e+02 4.895531609961603863e+02 2.964446685791015739e+02 4.461818722669581803e+02 9.904327343750001091e+02 5.673370738865173735e+02 5.497340625000000500e+02 7.618111478365385665e+02
3.997142303466796989e+02 4.895725189313139936e+02 2.964702117919921989e+02 4.461295453484961513e+02 9.902630261230469841e+02 5.673125748781812945e+02 5.497263037109376000e+02 7.618111478365385665e+02
3.997148620605468636e+02 4.896206387985281481e+02 2.965339324951171989e+02 4.460653671941659582e+02 9.899332604980469341e+02 5.673088938919538577e+02 5.496923632812500955e+02 7.618111478365385665e+02
3.997419433593750000e+02 4.896313626546501609e+02 2.965640899658203011e+02 4.460576680154116502e+02 9.893203479003906295e+02 5.669731470481635824e+02 5.496852197265625364e+02 7.618608637456294446e+02
3.997444427490234489e+02 4.896313626546501609e+02 2.965728240966797102e+02 4.460576680154116502e+02 9.892913952636719159e+02 5.667180138027545127e+02 5.496360009765625136e+02 7.618709708260489606e+02
3.997457061767578352e+02 4.896313626546501609e+02 2.965728240966797102e+02 4.460576680154116502e+02 9.892491113281250819e+02 5.666800996446118006e+02 5.496166552734375728e+02 7.618745219624125866e+02
3.997510620117187727e+02 4.896313626546501609e+02 2.965728240966797102e+02 4.462487176367853863e+02 9.892909045410157205e+02 5.666418582876932533e+02 5.496038378906250728e+02 7.619303840690560037e+02
3.997457061767578352e+02 4.896097499600042511e+02 2.965570312500000227e+02 4.462487176367853863e+02 9.892373339843750273e+02 5.665927375714802565e+02 5.495410156250000000e+02 7.619303840690560037e+02
3.997450469970703466e+02 4.896097499600042511e+02 2.965524444580078125e+02 4.462793493694005633e+02 9.890416174316407023e+02 5.665659481717138988e+02 5.494447998046875909e+02 7.619303840690560037e+02
3.997450469970703466e+02 4.896027107108574796e+02 2.965524444580078125e+02 4.463155355095456116e+02 9.889895190429688228e+02 5.665555596105830318e+02 5.494205322265625000e+02 7.618790291739511531e+02
3.997425476074218977e+02 4.895917118840656599e+02 2.965524444580078125e+02 4.463156180007465537e+02 9.890416174316407023e+02 5.665659481717138988e+02 5.493770556640625955e+02 7.618503469187063502e+02
3.997406524658203466e+02 4.895907219896544120e+02 2.965729614257812727e+02 4.463156180007465537e+02 9.890416174316407023e+02 5.665659481717138988e+02 5.493770556640625955e+02 7.618431080638112007e+02
3.997318359375000227e+02 4.894677551061220129e+02 2.965729614257812727e+02 4.463214748760132125e+02 9.892121435546876000e+02 5.665910197779074906e+02 5.493770556640625955e+02 7.618431080638112007e+02
3.997318359375000227e+02 4.893819092630119485e+02 2.965729614257812727e+02 4.463369282276556760e+02 9.892673498535157250e+02 5.665910197779074906e+02 5.494076806640625819e+02 7.618187281468532319e+02
3.997318359375000227e+02 4.893819092630119485e+02 2.965320648193359716e+02 4.463369282276556760e+02 9.892868151855469705e+02 5.666239850545666741e+02 5.493969824218750091e+02 7.617830802010489606e+02
3.997319183349609375e+02 4.893819092630119485e+02 2.965320648193359716e+02 4.463366807540529067e+02 9.896669616699219887e+02 5.666327376218185918e+02 5.493969824218750091e+02 7.617830802010489606e+02
3.997319183349609375e+02 4.893843839990400966e+02 2.965319000244140852e+02 4.463366807540529067e+02 9.896689245605468841e+02 5.666327376218185918e+02 5.493870361328125682e+02 7.617903873470280587e+02
3.997322753906250341e+02 4.893843839990400966e+02 2.965319000244140852e+02 4.463188901517171416e+02 9.896689245605468841e+02 5.666477069658102437e+02 5.493870361328125682e+02 7.617903873470280587e+02
3.997322753906250341e+02 4.893922481601962318e+02 2.965364868164062386e+02 4.463107510198911996e+02 9.897187329101562909e+02 5.666477069658102437e+02 5.493870361328125682e+02 7.619255354020979212e+02
3.997442779541015625e+02 4.894101762478669002e+02 2.965364868164062386e+02 4.463107510198911996e+02 9.897218408203125364e+02 5.666477069658102437e+02 5.493392529296875182e+02 7.619420618444056572e+02
3.997664978027343636e+02 4.894136408783062961e+02 2.965364868164062386e+02 4.463107510198911996e+02 9.896946057128907341e+02 5.666477069658102437e+02 5.493356982421875045e+02 7.619663734702797910e+02
3.997664978027343636e+02 4.894136408783062961e+02 2.965372009277343750e+02 4.463010995493813766e+02 9.896946057128907341e+02 5.666477069658102437e+02 5.493356982421875045e+02 7.619663734702797910e+02
3.997664978027343636e+02 4.894136408783062961e+02 2.965372009277343750e+02 4.463010995493813766e+02 9.896946057128907341e+02 5.666113879016993451e+02 5.493501220703125227e+02 7.619420618444056572e+02
3.997652343750000341e+02 4.893854288875853058e+02 2.965432983398437727e+02 4.462988997840230354e+02 9.895903271484376091e+02 5.666746599649645759e+02 5.493501220703125227e+02 7.619420618444056572e+02
3.997637786865234375e+02 4.893841090283702897e+02 2.965440399169921761e+02 4.462988997840230354e+02 9.895544226074218841e+02 5.666746599649645759e+02 5.493649560546875819e+02 7.619268329326923777e+02
3.997637786865234375e+02 4.893841090283702897e+02 2.965440399169921761e+02 4.462973324512051931e+02 9.895464074707032296e+02 5.666688930865415159e+02 5.494123974609375409e+02 7.619060041520979212e+02
3.997632843017578352e+02 4.893831191339590418e+02 2.965432983398437727e+02 4.462973324512051931e+02 9.895418273925781705e+02 5.666746599649645759e+02 5.494183447265625091e+02 7.618179769449301375e+02
3.997621856689453352e+02 4.893790495680460708e+02 2.965502471923828125e+02 4.462934003706271255e+02 9.895035510253907205e+02 5.666899156078849273e+02 5.494183447265625091e+02 7.615436516608392594e+02
3.997621856689453352e+02 4.893708004479522060e+02 2.965564270019531250e+02 4.462934003706271255e+02 9.890417810058594341e+02 5.667768686825467057e+02 5.494133203125001046e+02 7.615245984484266728e+02
3.997621856689453352e+02 4.893637611988054346e+02 2.965545867919922216e+02 4.462934003706271255e+02 9.889138659667969478e+02 5.671498752869281361e+02 5.494133203125001046e+02 7.614518001529720550e+02
3.997542205810547102e+02 4.893374190086390740e+02 2.965564270019531250e+02 4.462934003706271255e+02 9.888944824218750682e+02 5.671498752869281361e+02 5.490587402343750227e+02 7.612418050699301375e+02
3.994777496337890739e+02 4.888844873213523670e+02 2.965611785888672216e+02 4.461881690952964732e+02 9.888944824218750682e+02 5.671498752869281361e+02 5.490587402343750227e+02 7.610305124562937635e+02
3.994777496337890739e+02 4.887237394677900966e+02 2.968971679687500114e+02 4.459570837444005633e+02 9.874834912109375864e+02 5.668494250110743451e+02 5.490587402343750227e+02 7.610305124562937635e+02
3.994777496337890739e+02 4.887237394677900966e+02 2.978259796142578466e+02 4.446073627146437843e+02 9.861809497070313455e+02 5.649592385832795571e+02 5.492492578125001046e+02 7.610305124562937635e+02
4.011207550048828239e+02 4.884911692752772865e+02 3.012842834472656364e+02 4.446073627146437843e+02 9.809113244628906614e+02 5.602357970562177343e+02 5.573351806640625909e+02 7.610728529283217085e+02
4.101778564453125000e+02 4.884911692752772865e+02 3.136711761474609261e+02 4.441858326778476567e+02 9.758234301757812545e+02 5.463020371899161773e+02 5.704271972656250682e+02 7.612992378715035784e+02
4.204082153320312614e+02 4.884911692752772865e+02 3.316736755371093750e+02 4.441099132759172221e+02 9.752551733398438500e+02 5.236960373711340253e+02 5.842215039062500637e+02 7.612992378715035784e+02
4.307149017333984489e+02 4.884911692752772865e+02 3.471377838134765739e+02 4.410773167528796534e+02 9.734808020019531796e+02 5.034581386920102659e+02 5.971956347656250728e+02 7.612992378715035784e+02
4.426534973144531477e+02 4.867673781463310547e+02 3.623654113769531477e+02 4.410773167528796534e+02 9.700545764160157205e+02 4.824879691527061709e+02 6.086191015625000773e+02 7.612992378715035784e+02
4.525621490478515625e+02 4.862711660756185665e+02 3.809452423095703466e+02 4.410773167528796534e+02 9.674340356445312636e+02 4.610232795636678134e+02 6.193025097656250182e+02 7.616030649038461888e+02
4.588794799804687727e+02 4.858478212324018841e+02 3.930966979980468636e+02 4.429602609055033895e+02 9.649288964843750591e+02 4.406739288015463671e+02 6.255633398437501000e+02 7.617708560970280587e+02
4.642268005371093977e+02 4.858478212324018841e+02 4.023897033691406477e+02 4.429729370533809742e+02 9.626075329589843932e+02 4.270013962578527185e+02 6.280810839843750273e+02 7.622157725087413382e+02
4.703640930175781136e+02 4.858478212324018841e+02 4.077727020263671989e+02 4.430500663262585022e+02 9.626075329589843932e+02 4.188841672287773576e+02 6.295195703125000364e+02 7.633993935751748268e+02
4.722362182617187614e+02 4.863404586844069968e+02 4.124922088623047216e+02 4.430855375426621094e+02 9.620073791503906477e+02 4.091134391863321298e+02 6.304187011718751137e+02 7.640327250874127003e+02
4.724806091308593636e+02 4.863404586844069968e+02 4.153621948242187614e+02 4.435442436140144764e+02 9.620073791503906477e+02 4.069524548717380412e+02 6.305221289062500318e+02 7.648292039991259799e+02
4.724824218750000000e+02 4.863946279063566180e+02 4.160239837646484489e+02 4.435442436140144764e+02 9.620073791503906477e+02 4.053658271081668545e+02 6.311573925781250409e+02 7.658911986451049643e+02
4.738520324707031364e+02 4.863946279063566180e+02 4.168680908203124886e+02 4.439499903343643155e+02 9.620073791503906477e+02 4.035243114982683323e+02 6.327756640625000273e+02 7.667856069711539249e+02
4.748263000488281591e+02 4.864336187473335826e+02 4.169193695068359489e+02 4.450660687859961513e+02 9.618902600097657114e+02 4.019169475122824906e+02 6.338186230468750182e+02 7.669154966127622401e+02
4.764069030761718864e+02 4.865426721149743798e+02 4.189084442138671989e+02 4.452107858495093637e+02 9.617987402343750318e+02 4.002597266128382216e+02 6.343322753906251137e+02 7.669154966127622401e+02
4.770164245605469091e+02 4.867915755652730354e+02 4.214319488525390511e+02 4.452107858495093637e+02 9.618902600097657114e+02 3.996858199601320507e+02 6.366666796875000500e+02 7.669906168050699762e+02
4.785969726562499886e+02 4.871536569432593637e+02 4.247763244628906136e+02 4.452107858495093637e+02 9.623276574707032296e+02 3.956820930402303134e+02 6.366666796875000500e+02 7.669906168050699762e+02
4.787719299316406136e+02 4.874011305460750805e+02 4.259415069580078352e+02 4.452107858495093637e+02 9.623276574707032296e+02 3.921969352800821298e+02 6.366666796875000500e+02 7.677997978583916847e+02
4.787719299316406136e+02 4.874981951925128101e+02 4.264536071777343977e+02 4.453878119667235183e+02 9.623561193847656341e+02 3.909510032417847469e+02 6.347348437500000955e+02 7.683515215253496535e+02
4.787719299316406136e+02 4.875187080044794925e+02 4.264536071777343977e+02 4.460810955164782285e+02 9.641409594726562773e+02 3.909510032417847469e+02 6.341157812500000546e+02 7.699299333479021925e+02
4.776636840820312386e+02 4.881474009438992994e+02 4.264536071777343977e+02 4.473464830418088809e+02 9.643302966308593795e+02 3.909510032417847469e+02 6.319204199218750091e+02 7.711118471372378735e+02
4.757963378906250114e+02 4.901293895317832607e+02 4.241827331542968977e+02 4.482676072885558938e+02 9.643524609375000409e+02 3.912197561362354463e+02 6.281158105468750819e+02 7.712881747159091219e+02
4.743613586425781250e+02 4.922749306740614088e+02 4.224185485839843750e+02 4.494123101869133734e+02 9.660899462890625955e+02 3.942412732311130412e+02 6.261334570312500318e+02 7.729499016608392594e+02
4.718930603027343977e+02 4.932993064073165215e+02 4.195833343505859716e+02 4.499992900757252414e+02 9.686020373535156978e+02 3.980736706920505412e+02 6.240106933593750682e+02 7.736985768138112007e+02
4.703728820800781136e+02 4.938714103828924635e+02 4.178661712646484716e+02 4.503184485321565376e+02 9.713225219726563182e+02 3.992548991724387406e+02 6.209100488281250136e+02 7.766678731424825628e+02
4.687136169433593977e+02 4.957732725175981159e+02 4.141785278320312500e+02 4.526457177901023670e+02 9.731440026855469796e+02 4.034004258617912342e+02 6.196538769531250637e+02 7.781666575611889130e+02
4.672405700683593750e+02 4.973952145104522060e+02 4.115369476318359716e+02 4.537143363041275279e+02 9.755107580566407250e+02 4.078887750684600064e+02 6.196538769531250637e+02 7.791898628715035784e+02
4.672405700683593750e+02 4.974194119293941867e+02 4.115369476318359716e+02 4.552058047141638326e+02 9.761152465820313182e+02 4.087670583823291963e+02 6.196538769531250637e+02 7.796282916302448029e+02
4.672405700683593750e+02 4.975873640145051127e+02 4.115369476318359716e+02 4.560952798368173831e+02 9.767337207031250728e+02 4.090826007017154780e+02 6.203817675781250500e+02 7.803115439248252869e+02
4.676682678222656477e+02 4.975873640145051127e+02 4.117529113769531364e+02 4.563233130132785504e+02 9.767337207031250728e+02 4.090826007017154780e+02 6.210806054687500364e+02 7.803977955638112007e+02
4.685588745117187841e+02 4.978087154036902575e+02 4.127802978515625227e+02 4.571520471149743798e+02 9.794744885253907114e+02 4.087670583823291963e+02 6.238671386718750682e+02 7.814815750655594684e+02
4.705184509277343636e+02 4.978087154036902575e+02 4.161038818359375000e+02 4.580907419875213122e+02 9.795799121093750728e+02 4.059148666539142596e+02 6.277012792968751000e+02 7.818700147508741338e+02
4.739595886230468977e+02 4.977830331431313766e+02 4.214952026367187727e+02 4.584400372293621899e+02 9.801817016601563637e+02 3.988165346125966266e+02 6.312474902343750500e+02 7.828202851835665115e+02
4.757125671386718864e+02 4.977742340816979549e+02 4.241606506347656591e+02 4.584400372293621899e+02 9.804358142089844250e+02 3.972648762181862025e+02 6.329585937500000909e+02 7.841426054414336022e+02
4.769564941406250114e+02 4.977830331431313766e+02 4.262416809082031364e+02 4.588168570352495408e+02 9.804358142089844250e+02 3.943400872613965475e+02 6.341725195312500318e+02 7.842159500655594684e+02
4.798413940429687727e+02 4.977830331431313766e+02 4.292359222412109716e+02 4.594388681873933251e+02 9.810670471191407387e+02 3.865866623711339685e+02 6.374567773437501046e+02 7.844056626966784052e+02
4.829036682128906364e+02 4.978653043675341223e+02 4.345234222412109375e+02 4.593484853282316180e+02 9.810670471191407387e+02 3.785189630567412564e+02 6.406439648437500409e+02 7.856984129152098149e+02
4.852679260253906364e+02 4.981563883185793316e+02 4.398958465576171761e+02 4.594388681873933251e+02 9.810670471191407387e+02 3.736338444346004621e+02 6.409043457031250455e+02 7.877425699300699762e+02
4.882313781738281477e+02 4.986402817032849839e+02 4.448160736083984261e+02 4.594388681873933251e+02 9.804398217773438091e+02 3.644612766541156361e+02 6.433773144531251091e+02 7.890835336538461888e+02
4.920759338378906591e+02 4.995861258132465537e+02 4.524002105712890511e+02 4.603000488281250000e+02 9.787011096191406523e+02 3.547662542284149367e+02 6.486864453125000409e+02 7.924282260708042713e+02
4.970484008789062500e+02 4.997979632172568358e+02 4.588276245117187386e+02 4.611216336924061352e+02 9.753929028320312682e+02 3.476992514698775381e+02 6.529086621093750864e+02 7.940377103365385665e+02
5.012592407226562727e+02 5.004420545141851449e+02 4.671827270507812386e+02 4.611817697778903380e+02 9.750969152832032023e+02 3.334115034280363830e+02 6.564573339843750546e+02 7.955621039117133932e+02
5.059196411132812727e+02 5.004420545141851449e+02 4.736365356445312500e+02 4.617497216963523670e+02 9.744891552734375182e+02 3.257401236307989620e+02 6.612756445312500091e+02 7.984594897290210156e+02
5.114326904296875114e+02 5.002269724562713122e+02 4.823128784179687614e+02 4.617497216963523670e+02 9.744891552734375182e+02 3.133168360130073893e+02 6.634119433593750728e+02 7.986520022945804840e+02
5.134578002929687273e+02 5.002269724562713122e+02 4.848430847167969091e+02 4.617497216963523670e+02 9.744891552734375182e+02 3.098101649333520982e+02 6.643577636718750909e+02 7.986520022945804840e+02
5.149170593261718523e+02 4.999443026077218519e+02 4.877473205566406591e+02 4.617497216963523670e+02 9.737131591796875227e+02 3.057402211612032374e+02 6.680698828125000546e+02 7.986520022945804840e+02
5.173070251464844205e+02 4.998150663929180837e+02 4.918182495117187614e+02 4.614121127079778262e+02 9.724306555175782023e+02 3.013152667173404780e+02 6.693272167968750637e+02 7.974865466564685903e+02
5.216995239257812500e+02 4.974650020664462318e+02 4.944675476074218636e+02 4.604866439246480354e+02 9.647206665039062727e+02 2.932308189156128719e+02 6.734319921875001000e+02 7.911156031468532319e+02
5.237525390624999773e+02 4.942671481708617307e+02 4.991887023925781364e+02 4.549186528436966341e+02 9.603588781738282023e+02 2.923320652283343861e+02 6.752228027343750227e+02 7.843187964379370669e+02
5.247075256347656023e+02 4.912619387265358455e+02 5.019394592285156591e+02 4.490536934393664410e+02 9.548085595703125819e+02 2.907557646761235333e+02 6.756344628906250591e+02 7.800627595061189368e+02
5.253464355468750000e+02 4.887261592096842833e+02 5.026336853027343636e+02 4.463260943832657972e+02 9.509625207519532069e+02 2.905456826121536551e+02 6.756388378906250409e+02 7.769257402753496535e+02
5.253464355468750000e+02 4.851650140651663605e+02 5.042612548828125227e+02 4.430056860601535504e+02 9.471867370605468750e+02 2.894473581215769968e+02 6.756344628906250591e+02 7.715749972683566966e+02
5.253464355468750000e+02 4.807712027383745408e+02 5.042612548828125227e+02 4.392771937659982768e+02 9.420958166503907023e+02 2.905456826121536551e+02 6.752228027343750227e+02 7.660564630681818699e+02
5.250565063476562955e+02 4.803885535542875118e+02 5.042612548828125227e+02 4.346544143624680032e+02 9.390454846191406659e+02 2.907557646761235333e+02 6.688435742187500637e+02 7.648334380463287516e+02
5.206875183105469205e+02 4.790655046795008616e+02 5.011105407714844091e+02 4.328281141678220933e+02 9.366672790527344432e+02 2.916308578019289257e+02 6.648275976562500773e+02 7.613248470279720550e+02
5.173957946777344432e+02 4.760099206084684056e+02 4.987266174316406477e+02 4.298725094323272060e+02 9.354711425781250682e+02 2.925420859425337881e+02 6.611443261718750364e+02 7.586528900786713621e+02
5.172708801269531023e+02 4.746873666808873509e+02 4.959487792968749886e+02 4.259834892611454507e+02 9.337055224609375728e+02 2.951172016576393275e+02 6.571976660156250318e+02 7.544966264204546178e+02
5.138357849121093750e+02 4.712568326045221738e+02 4.922928588867187614e+02 4.233251828138331803e+02 9.305122265625000182e+02 2.981373281577198782e+02 6.515016894531250955e+02 7.508462631118882200e+02
5.087764709472656364e+02 4.710088640545008616e+02 4.862601562500000227e+02 4.204923249853349034e+02 9.290848779296875364e+02 3.047327147808271093e+02 6.436060449218750819e+02 7.473712030157342951e+02
4.985242492675781136e+02 4.699331238001279871e+02 4.787457824707031477e+02 4.192651308860388326e+02 9.268978088378906932e+02 3.124593502713232738e+02 6.370602929687501046e+02 7.444878168706294446e+02
4.974533020019531477e+02 4.684874380066125923e+02 4.717833618164062841e+02 4.157529855148783895e+02 9.234898217773437636e+02 3.193824878181378608e+02 6.285186523437500909e+02 7.397536740603147791e+02
4.921481689453125341e+02 4.670503312979948873e+02 4.602097320556640625e+02 4.131286379452858455e+02 9.209283312988281978e+02 3.322947126565520080e+02 6.202304882812500182e+02 7.344073699737763263e+02
4.852183227539062500e+02 4.622392794768558133e+02 4.486581298828124886e+02 4.112968658343110064e+02 9.181070849609375273e+02 3.416258082438989732e+02 6.079182812500000637e+02 7.284030812937063502e+02
4.736870727539062500e+02 4.600930784049701288e+02 4.329580352783203239e+02 4.067153320312500000e+02 9.179121044921876091e+02 3.630289231133214685e+02 5.945922363281250682e+02 7.246770514641608543e+02
4.593321441650390966e+02 4.570539925741254024e+02 4.095800628662109375e+02 4.033214790422354667e+02 9.128710742187500955e+02 3.872204872996536551e+02 5.785616894531250409e+02 7.166809850305944565e+02
4.436701171875000114e+02 4.516364379466190258e+02 3.871995666503906364e+02 3.936951958457764249e+02 9.099446496582031614e+02 4.207213883547438513e+02 5.620795263671875546e+02 7.082461483828672044e+02
4.286252471923828011e+02 4.452310786849402575e+02 3.629673522949219091e+02 3.852826056887265054e+02 8.988783630371094659e+02 4.519561515886758798e+02 5.422348681640625045e+02 6.936360221809441100e+02
4.118660430908203125e+02 4.379355568739334217e+02 3.380105621337890511e+02 3.731928877586390740e+02 8.861634118652344796e+02 4.874079753443137406e+02 5.227352539062500227e+02 6.785512729458042713e+02
3.924039001464843750e+02 4.281087925621266663e+02 3.096114807128906250e+02 3.591565974629372704e+02 8.718813378906251046e+02 5.259877784964963894e+02 5.005081347656250728e+02 6.633534336756993071e+02
3.729184387207031364e+02 4.168034284676301127e+02 2.790444946289062500e+02 3.438565694659235987e+02 8.566908544921875546e+02 5.652447604149887184e+02 4.712778369140625614e+02 6.425952660620629331e+02
3.515642028808593977e+02 4.008450106988588004e+02 2.498130340576171875e+02 3.240935200245307328e+02 8.362318090820313046e+02 6.080621149122100633e+02 4.415650585937500523e+02 6.282035347465035784e+02
3.302207061767578011e+02 3.853696888998506438e+02 2.467909149169921932e+02 3.084184870280503219e+02 8.049201049804687500e+02 6.502305933372260824e+02 4.136844140625000250e+02 6.104591892482518460e+02
3.060346343994140739e+02 3.749114819419261835e+02 1.877059341430664006e+02 2.431141628226322382e+02 7.731862158203125546e+02 6.985631694990335063e+02 3.858576367187500296e+02 5.933830720061189368e+02
2.877135040283203011e+02 3.602735558207124313e+02 1.628410446166992358e+02 2.223518562186700080e+02 7.555177465820313500e+02 7.452443734395134243e+02 3.648037353515625227e+02 5.807921765734266728e+02
2.736071685791015966e+02 3.534248338510558938e+02 1.208007064819336023e+02 2.196066040455684742e+02 7.260567211914062682e+02 7.814173432969554369e+02 3.460911767578125477e+02 5.669962849650349881e+02
2.570442077636718636e+02 3.431528370307167393e+02 9.575755004882812216e+01 2.196066040455684742e+02 7.200726037597656841e+02 8.647455463212788800e+02 3.351872070312500114e+02 5.567929141171329093e+02
2.472406951904297046e+02 3.418444990867640740e+02 7.627583084106446165e+01 2.207248135198911996e+02 7.025118481445313137e+02 8.758617157297035192e+02 3.351872070312500114e+02 5.567929141171329093e+02
2.472406951904297046e+02 3.418444990867640740e+02 7.627583084106446165e+01 2.207248135198911996e+02 7.016027026367188455e+02 8.810901885671713671e+02 3.351872070312500114e+02 5.567929141171329093e+02
2.472406951904297046e+02 3.418444990867640740e+02 7.627583084106446165e+01 2.242074545381825885e+02 7.016027026367188455e+02 8.810901885671713671e+02 3.355933300781250068e+02 5.569696172967658185e+02
2.474430908203125057e+02 3.419923508159129710e+02 7.676104202270508381e+01 2.257459016871533493e+02 7.006777722167969387e+02 8.810901885671713671e+02 3.437669580078125477e+02 5.569696172967658185e+02
2.536190002441406364e+02 3.419923508159129710e+02 8.459399185180664915e+01 2.257459016871533493e+02 7.006777722167969387e+02 8.762006118617106267e+02 3.515035302734375477e+02 5.569696172967658185e+02
2.585673248291015511e+02 3.419923508159129710e+02 9.002819366455078409e+01 2.257459016871533493e+02 6.985661926269531250e+02 8.697970046210533610e+02 3.577009570312500273e+02 5.532527726180070431e+02
2.638674041748046761e+02 3.404011505439419807e+02 9.486615371704101562e+01 2.230392828931580596e+02 6.944884509277344478e+02 8.697970046210533610e+02 3.700740380859375591e+02 5.487302297312063502e+02
2.682446319580078011e+02 3.351834445992427618e+02 9.932781829833984943e+01 2.138371557033916304e+02 6.914765588378907069e+02 8.697970046210533610e+02 3.758222753906250091e+02 5.367699341673951494e+02
2.728119232177734261e+02 3.314757400877239775e+02 1.030075996398925753e+02 2.077241040122386835e+02 6.809280664062500819e+02 8.687353263933633798e+02 3.802419482421875614e+02 5.274099582058566966e+02
2.784336273193359261e+02 3.257430140784982768e+02 1.085779495239257812e+02 1.992218871653690258e+02 6.632131420898438137e+02 8.682131989469232849e+02 3.946841650390625205e+02 5.159826404064685903e+02
2.850879364013671875e+02 3.202647734241680837e+02 1.125915229797363253e+02 1.918565228042342028e+02 6.545678765869140534e+02 8.650497593830540382e+02 3.961158837890625364e+02 5.133433607408217085e+02
2.850879364013671875e+02 3.202417308820392350e+02 1.163625732421875085e+02 1.822449642871426931e+02 6.407815551757812500e+02 8.613790799170424179e+02 3.961158837890625364e+02 5.119067894995629899e+02
2.854611968994140625e+02 3.145558048808127296e+02 1.170392761230468750e+02 1.794575591103615579e+02 6.358730200195312818e+02 8.613790799170424179e+02 3.946841650390625205e+02 5.088061011254371238e+02
2.854611968994140625e+02 3.139029695165849034e+02 1.170392761230468750e+02 1.778918623680140740e+02 6.271239666748047057e+02 8.613790799170424179e+02 3.930768310546875455e+02 5.056340485686189368e+02
2.854611968994140625e+02 3.137446689019838004e+02 1.166358169555664119e+02 1.760539034169688648e+02 6.261730279541015989e+02 8.637917618899000445e+02 3.930046777343750364e+02 5.032666698535839487e+02
2.864748779296875227e+02 3.134331821272397747e+02 1.166358169555664119e+02 1.715805568239387640e+02 6.221818579101562818e+02 8.638091034250160192e+02 3.930046777343750364e+02 5.027077756228147223e+02
2.870475128173828239e+02 3.133776105548741384e+02 1.162358734130859403e+02 1.701148119200618680e+02 6.211052124023437955e+02 8.647698408303800761e+02 3.930768310546875455e+02 5.017912409855769624e+02
2.879854705810546989e+02 3.130273804127559742e+02 1.155431442260742188e+02 1.680676965290369083e+02 6.202034277343750546e+02 8.651989620248066331e+02 3.930795312500000591e+02 5.015699437281468818e+02
2.881147796630859261e+02 3.128473021211070773e+02 1.154197265625000028e+02 1.645063314079831400e+02 6.200877807617188182e+02 8.674146703346488039e+02 3.938189062500000546e+02 5.015374713177448029e+02
2.881457611083984602e+02 3.128338285582871094e+02 1.152247604370117244e+02 1.643168216223602656e+02 6.189574420166015898e+02 8.674146703346488039e+02 3.938189062500000546e+02 5.010040155157342951e+02
2.881769897460937386e+02 3.128338285582871094e+02 1.151821060180664062e+02 1.643168216223602656e+02 6.189574420166015898e+02 8.674146703346488039e+02 3.930795312500000591e+02 5.008273123361014427e+02
2.881769897460937386e+02 3.128473021211070773e+02 1.152247604370117244e+02 1.645063314079831400e+02 6.189574420166015898e+02 8.667826858992428924e+02 3.926989404296875250e+02 5.009437827797203227e+02
2.882958618164062727e+02 3.130038429234214732e+02 1.154197265625000028e+02 1.645727368247386835e+02 6.193085540771485284e+02 8.665242806660759243e+02 3.913705810546875341e+02 5.009437827797203227e+02
2.883365386962890966e+02 3.130038429234214732e+02 1.154350112915039119e+02 1.645727368247386835e+02 6.193085540771485284e+02 8.662945871254831900e+02 3.912264794921875364e+02 5.009437827797203227e+02
2.884033905029297102e+02 3.130038429234214732e+02 1.161089950561523523e+02 1.645727368247386835e+02 6.196497698974609420e+02 8.655232160115979241e+02 3.912264794921875364e+02 5.008273123361014427e+02
2.897490783691406477e+02 3.129714513785195891e+02 1.164323501586914062e+02 1.632468282549861271e+02 6.198605352783202989e+02 8.651851378765302343e+02 3.913705810546875341e+02 5.007532165100524821e+02
2.902990539550781364e+02 3.129630922701578584e+02 1.167261657714843750e+02 1.623838878019677736e+02 6.208983728027344569e+02 8.646341351381281584e+02 3.914321728515625409e+02 5.002416138548951494e+02
2.907482025146484261e+02 3.127673681473975762e+02 1.172198089599609432e+02 1.618823413002612881e+02 6.210410095214843977e+02 8.641083267054606267e+02 3.920277880859375159e+02 5.002289458588286948e+02
2.942519073486328125e+02 3.125191796208404185e+02 1.180445663452148466e+02 1.618315954631505917e+02 6.219569024658203489e+02 8.639790831890302343e+02 3.932161132812500455e+02 4.988459489729021357e+02
2.943906097412109375e+02 3.125191796208404185e+02 1.187311706542968750e+02 1.618043596183073873e+02 6.219569024658203489e+02 8.639790831890302343e+02 3.945499072265625387e+02 4.982845962631119505e+02
2.945611175537109716e+02 3.126193239387798712e+02 1.188056304931640597e+02 1.615522527597056239e+02 6.219569024658203489e+02 8.639763019994361457e+02 3.961827734375000318e+02 4.974393575174825628e+02
2.952005218505859716e+02 3.126193239387798712e+02 1.190680801391601591e+02 1.615522527597056239e+02 6.212328411865235012e+02 8.618612073131442912e+02 3.968891308593750296e+02 4.969734757430070431e+02
2.952005218505859716e+02 3.126193239387798712e+02 1.193583114624023409e+02 1.618043596183073873e+02 6.204179553222656978e+02 8.616136814392718861e+02 3.990862011718750182e+02 4.958989838286713621e+02
2.952005218505859716e+02 3.126193239387798712e+02 7.213061645507813182e+02 4.805449568712670612e+02 6.193511242675781432e+02 8.604323302593427343e+02 4.007570410156250205e+02 4.951165045891608543e+02
2.917199707031250000e+02 3.077984281676621094e+02 7.213061645507813182e+02 4.805450668595349839e+02 6.188718518066406205e+02 8.585040660740173735e+02 4.011382812500000341e+02 4.943317375983392026e+02
2.917199707031250000e+02 3.071670955098122704e+02 7.213061645507813182e+02 4.805450668595349839e+02 6.188098571777344432e+02 8.557835718528510824e+02 4.015890087890625182e+02 4.936302174388112007e+02
2.917199707031250000e+02 3.066425889571779067e+02 7.213057250976562500e+02 4.805450668595349839e+02 6.188098571777344432e+02 8.557614041357924179e+02 4.017416894531250477e+02 4.936302174388112007e+02
2.924796752929687500e+02 3.063905233441765859e+02 7.213047363281250455e+02 4.805424271411049517e+02 6.185782769775390761e+02 8.539921585554928924e+02 4.021882812500000455e+02 4.936302174388112007e+02
2.924796752929687500e+02 3.011412782636518841e+02 7.213046264648437500e+02 4.805419321938992994e+02 6.171977105712891216e+02 8.537264731495649812e+02 4.108606933593750341e+02 4.940517782998252301e+02
2.926921234130859375e+02 2.962191657889824796e+02 7.213045715332031023e+02 4.805419321938992994e+02 6.169548437500000091e+02 8.535737531209729241e+02 4.108606933593750341e+02 4.940517782998252301e+02
2.926921234130859375e+02 2.954425111321459099e+02 1.942779693603515625e+02 2.071896297728242189e+02 6.158261816406250091e+02 8.529102758033988039e+02 4.108606933593750341e+02 4.940517782998252301e+02
2.926921234130859375e+02 2.953593050074658777e+02 1.936682144165039006e+02 2.071371791175607768e+02 6.157012927246094023e+02 8.526415638087950128e+02 4.072904199218750136e+02 4.899766785948426673e+02
2.928668609619140852e+02 2.953593050074658777e+02 1.934747314453125000e+02 2.071371791175607768e+02 6.153198376464844159e+02 8.523872485603253608e+02 4.072904199218750136e+02 4.899766785948426673e+02
2.929740325927734261e+02 2.953707162902623509e+02 1.934145812988281250e+02 2.071657348216190258e+02 6.150253631591797330e+02 8.523868395618555951e+02 4.072904199218750136e+02 4.899766785948426673e+02
2.929740325927734261e+02 2.953654918475362479e+02 1.932542633056640682e+02 2.071896297728242189e+02 6.143245294189453034e+02 8.523872485603253608e+02 4.128087988281250205e+02 4.946949095826049074e+02
2.929154754638672102e+02 2.953654918475362479e+02 1.931989746093750000e+02 2.072493946479042108e+02 6.143245294189453034e+02 8.525639358992428924e+02 4.128087988281250205e+02 4.949741859702797342e+02
2.929154754638672102e+02 2.953707162902623509e+02 1.931989746093750000e+02 2.072493946479042108e+02 6.143245294189453034e+02 8.524814818077479686e+02 4.128087988281250205e+02 4.950196678321678405e+02
2.932494598388672102e+02 2.955933600415955311e+02 1.931989746093750000e+02 2.072493946479042108e+02 6.147924743652343977e+02 8.524814818077479686e+02 4.125613720703125296e+02 4.950196678321678405e+02
2.933512207031250227e+02 2.955933600415955311e+02 1.932216064453125171e+02 2.072666490574338809e+02 6.147924743652343977e+02 8.524814818077479686e+02 4.125351904296875318e+02 4.950284090909091219e+02
2.935609771728515511e+02 2.956085109255012640e+02 7.213043518066406250e+02 4.805421521704351449e+02 6.149603833007812455e+02 8.524070440862595888e+02 4.123245068359375409e+02 4.952403504698426673e+02
2.935609771728515511e+02 2.957016159942939453e+02 7.213047363281250455e+02 4.805421521704351449e+02 6.149603833007812455e+02 8.522473710836823102e+02 4.125351904296875318e+02 4.955296997923951494e+02
2.935641082763672216e+02 2.957016159942939453e+02 7.213047363281250455e+02 4.805424821352389131e+02 6.149603833007812455e+02 8.521144465810243673e+02 4.123245068359375409e+02 4.955296997923951494e+02
2.935641082763672216e+02 2.957155295101855472e+02 7.213047363281250455e+02 4.805421521704351449e+02 6.146855786132813364e+02 8.521007042324418990e+02 4.123245068359375409e+02 4.955296997923951494e+02
2.935036285400390739e+02 2.957155295101855472e+02 7.213047363281250455e+02 4.805424821352389131e+02 6.141639404296875000e+02 8.519167367207634243e+02 4.123245068359375409e+02 4.953525185751748836e+02
2.934568542480469091e+02 2.958277450405290097e+02 7.213047363281250455e+02 4.805424821352389131e+02 6.141639404296875000e+02 8.516462251328929369e+02 4.124953027343750591e+02 4.953525185751748836e+02
2.934568542480469091e+02 2.957676914462457489e+02 7.213043518066406250e+02 4.805424821352389131e+02 6.141639404296875000e+02 8.512128503543814304e+02 4.124953027343750591e+02 4.953525185751748836e+02
2.934568542480469091e+02 2.957676914462457489e+02 7.213042968749999773e+02 4.805426471176407972e+02 6.140478027343750682e+02 8.511860200547679369e+02 4.124953027343750591e+02 4.954744181599650688e+02
2.935036285400390739e+02 2.958576618494027457e+02 7.213029235839843523e+02 4.805581004692832607e+02 6.142082281494141398e+02 8.512128503543814304e+02 4.124953027343750591e+02 4.958512142154720550e+02
2.935255737304687500e+02 2.958576618494027457e+02 7.212961669921875227e+02 4.805907669848549517e+02 6.142082281494141398e+02 8.511860200547679369e+02 4.124733593750000296e+02 4.959602409309441100e+02
2.935255737304687500e+02 2.957852620720456116e+02 7.212961669921875227e+02 4.805911519437926245e+02 6.140478027343750682e+02 8.504184935264979686e+02 4.124733593750000296e+02 4.959876939466783483e+02
2.935434539794921989e+02 2.957852620720456116e+02 7.212961669921875227e+02 4.805917018851322382e+02 6.138827972412109375e+02 8.501595156954734875e+02 4.124733593750000296e+02 4.960330050808566966e+02
2.935434539794921989e+02 2.957535304567512640e+02 7.212973205566406705e+02 4.805931317326151770e+02 6.138428442382812591e+02 8.497350570836017596e+02 4.126211523437500546e+02 4.960428048513986141e+02
2.936341461181640966e+02 2.956742839097162800e+02 7.212973205566406705e+02 4.805917018851322382e+02 6.138428442382812591e+02 8.497350570836017596e+02 4.130284033203125205e+02 4.960538338614510963e+02
2.937624938964843864e+02 2.956657873160195891e+02 7.212981445312500455e+02 4.805931317326151770e+02 6.138428442382812591e+02 8.497350570836017596e+02 4.130284033203125205e+02 4.960538338614510963e+02
2.937673004150390739e+02 2.956479967136838809e+02 7.212981445312500455e+02 4.805933517091510225e+02 6.165495477294922466e+02 8.503550169639979686e+02 4.130284033203125205e+02 4.960428048513986141e+02
2.937694702148437500e+02 2.956215720323165215e+02 7.212979797363281023e+02 4.805933517091510225e+02 6.166027911376953625e+02 8.510047519329896204e+02 4.121950683593750568e+02 4.956566529173951494e+02
2.937673004150390739e+02 2.955563489894411191e+02 1.305602462768554801e+02 1.644190007232561754e+02 6.171008337402344068e+02 8.514167769913819939e+02 4.098866064453125659e+02 4.955033052884615472e+02
2.937673004150390739e+02 2.955075966896864088e+02 7.212979797363281023e+02 4.805940116387585022e+02 6.171008337402344068e+02 8.514167769913819939e+02 4.096357958984375500e+02 4.952558525458916279e+02
2.934888244628906477e+02 2.955543966976855472e+02 7.212978698730469205e+02 4.805937916622226567e+02 6.176867565917968932e+02 8.515276973763691331e+02 4.075265332031250409e+02 4.902593353911713621e+02
2.931775543212890511e+02 2.954792472136305150e+02 1.310075134277343807e+02 1.644190007232561754e+02 6.172635491943359511e+02 8.519453666136436141e+02 4.072816699218750500e+02 4.901273970170454959e+02
2.931589050292968750e+02 2.954718779996800322e+02 1.311533294677734318e+02 1.643620405490080998e+02 6.176867565917968932e+02 8.519611539545746837e+02 4.072085595703125591e+02 4.897792149256993639e+02
2.931354766845703352e+02 2.954252154770157972e+02 7.212978698730469205e+02 4.805937916622226567e+02 6.179478210449219659e+02 8.519453666136436141e+02 4.072085595703125591e+02 4.897383085664336022e+02
2.930358032226562841e+02 2.950607968483361674e+02 1.311533294677734318e+02 1.643620405490080998e+02 6.182421728515624864e+02 8.519453666136436141e+02 4.064071484375000409e+02 4.892080282998252301e+02
2.930358032226562841e+02 2.950607968483361674e+02 1.311533294677734318e+02 1.643620405490080998e+02 6.182421728515624864e+02 8.518481067775450128e+02 4.061558251953125591e+02 4.891866190450174940e+02
2.930183898925781136e+02 2.950607968483361674e+02 1.312821166992187614e+02 1.642522860061593235e+02 6.183170898437500682e+02 8.518481067775450128e+02 4.061558251953125591e+02 4.891381323754371238e+02
2.930183898925781136e+02 2.950708607748507006e+02 1.312821166992187614e+02 1.643446074085430837e+02 6.185590570068359284e+02 8.518481067775450128e+02 4.061558251953125591e+02 4.891301081730769624e+02
2.928771881103515966e+02 2.952279790155716910e+02 1.310748046875000057e+02 1.643446074085430837e+02 6.182421728515624864e+02 8.515432393182184114e+02 4.061558251953125591e+02 4.891301081730769624e+02
2.928771881103515966e+02 2.953037884292342028e+02 1.307780090332031193e+02 1.643446074085430837e+02 6.179278240966797284e+02 8.515866749557022786e+02 4.061558251953125591e+02 4.891070257867133364e+02
2.928771881103515966e+02 2.953037884292342028e+02 1.307424819946289176e+02 1.642379325371960306e+02 6.186271038818359784e+02 8.519567367711017596e+02 4.061201416015625227e+02 4.891070257867133364e+02
2.929786193847656364e+02 2.953037884292342028e+02 1.307402297973632983e+02 1.642379325371960306e+02 6.186271038818359784e+02 8.519567367711017596e+02 4.061008642578125318e+02 4.891070257867133364e+02
2.930381652832031136e+02 2.951251124880012640e+02 1.306238296508789176e+02 1.636712592323485467e+02 6.190693676757813364e+02 8.516567772934116647e+02 4.060751269531250500e+02 4.891842288570804840e+02
2.930989471435547102e+02 2.951241775877239775e+02 1.304969787597656250e+02 1.636434734461657285e+02 6.191251464843750227e+02 8.522022176526255635e+02 4.060571826171875500e+02 4.891842288570804840e+02
2.931743133544921989e+02 2.950857091910195891e+02 1.302787078857421932e+02 1.634224657703178138e+02 6.191507458496093932e+02 8.525093755033826710e+02 4.060367089843750250e+02 4.892019162478147223e+02
2.932113098144531591e+02 2.950752328085004024e+02 1.302747665405273381e+02 1.634224657703178138e+02 6.191507458496093932e+02 8.535312990798163355e+02 4.060286767578125477e+02 4.896057214270105078e+02
2.932205932617187614e+02 2.949949413729202092e+02 1.302747665405273381e+02 1.634224657703178138e+02 6.191707836914063137e+02 8.538363301385309114e+02 4.060286767578125477e+02 4.897100702032342951e+02
2.932732452392578466e+02 2.948999940006399356e+02 1.302747665405273381e+02 1.637807800501279871e+02 6.191707836914063137e+02 8.538363301385309114e+02 4.060571826171875500e+02 4.899723421110140293e+02
2.933296325683593864e+02 2.948999940006399356e+02 1.305077041625976619e+02 1.641397817566126207e+02 6.191707836914063137e+02 8.536791929264658165e+02 4.060661376953125341e+02 4.903504698426573896e+02
2.933357299804687841e+02 2.948999940006399356e+02 1.305315307617187557e+02 1.641580535576205193e+02 6.189199835205077989e+02 8.536791929264658165e+02 4.061038037109375409e+02 4.905180903081293877e+02
2.934741027832031364e+02 2.951344614907742994e+02 1.305369552612304744e+02 1.641580535576205193e+02 6.185220892333984466e+02 8.526055719434599496e+02 4.081333935546875296e+02 4.945814780922203227e+02
2.936282409667969091e+02 2.951576690153050322e+02 1.305736221313476619e+02 1.641397817566126207e+02 6.185220892333984466e+02 8.525645084971004053e+02 4.081333935546875296e+02 4.947401865712412814e+02
2.936943237304687386e+02 2.951619860548208294e+02 1.305736221313476619e+02 1.640073971276397060e+02 6.185220892333984466e+02 8.523604182607118673e+02 4.081333935546875296e+02 4.947401865712412814e+02
2.936943237304687386e+02 2.951576690153050322e+02 1.306209869384765625e+02 1.639822923054874195e+02 6.184088958740235284e+02 8.522582504429767596e+02 4.081719482421875114e+02 4.947401865712412814e+02
2.937201416015624886e+02 2.951412532663182446e+02 1.306341842651367244e+02 1.639712797301621094e+02 6.185276098632813273e+02 8.522067166357924179e+02 4.081719482421875114e+02 4.947483132102273089e+02
2.937465087890624886e+02 2.951576690153050322e+02 1.306580795288085994e+02 1.639703035842843235e+02 6.187256164550781250e+02 8.522582504429767596e+02 4.081415283203125455e+02 4.947538447880245371e+02
2.937465087890624886e+02 2.951619860548208294e+02 1.306582855224609432e+02 1.639712797301621094e+02 6.192009222412109466e+02 8.522582504429767596e+02 4.081415283203125455e+02 4.947538447880245371e+02
2.937864440917969091e+02 2.951412532663182446e+02 1.307426055908203182e+02 1.639712797301621094e+02 6.193026245117188182e+02 8.526174328990817912e+02 4.079887792968750659e+02 4.947114018793706691e+02
2.938251434326172102e+02 2.951412532663182446e+02 1.307446243286132983e+02 1.640702141771544404e+02 6.194579382324219523e+02 8.529242635510630635e+02 4.079402441406250546e+02 4.947114018793706691e+02
2.970503173828125227e+02 2.952069162622653380e+02 1.308813903808593864e+02 1.645773975775917108e+02 6.194579382324219523e+02 8.529272083400450128e+02 4.078316894531250227e+02 4.946759246612762695e+02
2.971026672363281591e+02 2.952359531649957489e+02 1.308813903808593864e+02 1.645773975775917108e+02 6.193026245117188182e+02 8.529272083400450128e+02 4.078316894531250227e+02 4.946470375327797342e+02
2.972372772216796761e+02 2.951881632625853058e+02 1.308813903808593864e+02 1.645773975775917108e+02 6.191937249755859511e+02 8.529272083400450128e+02 4.078316894531250227e+02 4.946470375327797342e+02
2.972372772216796761e+02 2.952359531649957489e+02 1.308364700317382869e+02 1.643482920155183535e+02 6.183262500000000728e+02 8.521182911666397786e+02 4.080105175781250182e+02 4.946470375327797342e+02
2.972372772216796761e+02 2.952374380066125923e+02 1.308127807617187557e+02 1.641258544921875000e+02 6.183262500000000728e+02 8.518587407377576710e+02 4.080481494140625500e+02 4.947066215034965353e+02
2.937460418701172102e+02 2.956592155170114893e+02 1.307769241333007812e+02 1.641258544921875000e+02 6.183262500000000728e+02 8.518517059640785192e+02 4.084488720703125182e+02 4.948881733500874702e+02
2.936285705566406250e+02 2.958364891078284700e+02 1.307769241333007812e+02 1.641088613047941465e+02 6.183677978515625000e+02 8.518587407377576710e+02 4.084936816406250273e+02 4.948881733500874702e+02
2.936112121582031591e+02 2.958689081497973348e+02 1.306628723144531250e+02 1.640863962010718922e+02 6.193321496582032069e+02 8.518587407377576710e+02 4.085086865234375182e+02 4.948881733500874702e+02
2.936112121582031591e+02 2.958912907623187039e+02 1.306628723144531250e+02 1.640555994860548026e+02 6.197500408935546830e+02 8.525438949742267596e+02 4.084936816406250273e+02 4.947939316542832557e+02
2.935992370605468977e+02 2.958912907623187039e+02 1.306628723144531250e+02 1.640457967816766143e+02 6.200149493408202943e+02 8.525438949742267596e+02 4.084488720703125182e+02 4.945942485249126435e+02
2.936112121582031591e+02 2.958912907623187039e+02 1.306769348144531193e+02 1.640354166388918600e+02 6.200149493408202943e+02 8.525438949742267596e+02 4.070769335937500273e+02 4.915244277207168011e+02
2.936214294433593750e+02 2.954765799981335022e+02 1.307010360717773381e+02 1.636820793282049920e+02 6.197500408935546830e+02 8.525303162250321520e+02 4.070492822265625250e+02 4.913658899694056572e+02
2.936300262451172216e+02 2.954177912689312961e+02 1.312446945190429801e+02 1.636820793282049920e+02 6.197500408935546830e+02 8.516368181680894622e+02 4.068439306640625546e+02 4.911942744755245371e+02
2.936300262451172216e+02 2.954177912689312961e+02 1.316140274047851619e+02 1.636820793282049920e+02 6.197629223632812909e+02 8.515400491301545571e+02 4.068439306640625546e+02 4.911938305834790413e+02
2.937145111083984261e+02 2.951948175527943476e+02 1.316911376953125057e+02 1.638194684233681642e+02 6.196156646728516080e+02 8.513753863462467280e+02 4.068439306640625546e+02 4.911938305834790413e+02
2.970962951660156364e+02 2.950363519557913605e+02 1.320189834594726506e+02 1.640187671648357366e+02 6.196156646728516080e+02 8.506863057244684114e+02 4.069782568359375432e+02 4.911938305834790413e+02
2.972820465087890511e+02 2.950363519557913605e+02 1.320189834594726506e+02 1.640551870300501207e+02 6.194132415771484830e+02 8.506863057244684114e+02 4.070235107421875114e+02 4.911678116805070431e+02
2.973598297119140739e+02 2.950514753426301127e+02 1.320373855590820256e+02 1.640551870300501207e+02 6.194132415771484830e+02 8.506863057244684114e+02 4.070611425781250432e+02 4.911678116805070431e+02
2.973822418212890852e+02 2.950514753426301127e+02 1.320482070922851676e+02 1.640551870300501207e+02 6.193988470458984921e+02 8.505793935244844306e+02 4.073833203125000182e+02 4.911678116805070431e+02
2.998943206787109261e+02 3.054034336337457489e+02 1.320682846069335881e+02 1.640590641164942269e+02 6.193988470458984921e+02 8.506897413116139433e+02 4.074107666015625568e+02 4.911678116805070431e+02
2.999628753662109375e+02 3.054732486868067554e+02 1.321773651123046989e+02 1.641854131392651368e+02 6.193988470458984921e+02 8.508647926566526394e+02 4.075732910156250455e+02 4.912296834025349881e+02
2.999740264892578239e+02 3.054822402277090418e+02 1.322322555541992131e+02 1.643131232668515338e+02 6.193792999267578807e+02 8.508647926566526394e+02 4.075732910156250455e+02 4.912552242679196297e+02
2.999836669921875227e+02 3.055451535169581803e+02 1.322415252685546818e+02 1.643131232668515338e+02 6.192931372070312364e+02 8.509665514759180951e+02 4.075732910156250455e+02 4.912769749781468818e+02
3.000636199951172216e+02 3.056904205218110064e+02 1.322415252685546818e+02 1.643131232668515338e+02 6.192533068847656068e+02 8.512028707917203292e+02 4.075732910156250455e+02 4.914527220826049074e+02
3.000636199951172216e+02 3.056978997240294120e+02 1.322508773803710938e+02 1.640906307493867189e+02 6.184845898437500864e+02 8.512028707917203292e+02 4.075732910156250455e+02 4.914636145104895490e+02
3.000636199951172216e+02 3.056978997240294120e+02 1.322508773803710938e+02 1.640906307493867189e+02 6.174775451660157159e+02 8.512028707917203292e+02 4.075886718750000455e+02 4.915012087521853346e+02
2.999274719238281364e+02 3.056978997240294120e+02 1.322508773803710938e+02 1.640773221689686352e+02 6.174775451660157159e+02 8.504239741059922153e+02 4.076692333984375409e+02 4.915012087521853346e+02
2.978511108398437841e+02 2.944413979175554346e+02 1.321939270019531421e+02 1.640906307493867189e+02 6.173430462646484784e+02 8.503344034411243229e+02 4.079637255859375387e+02 4.915936748798077360e+02
2.977414947509765852e+02 2.942942886092150161e+02 1.321818420410156421e+02 1.641439613107935145e+02 6.173176513671875227e+02 8.502722356737274367e+02 4.079637255859375387e+02 4.915936748798077360e+02
2.977414947509765852e+02 2.942801276197205311e+02 1.321759918212890739e+02 1.641439613107935145e+02 6.173176513671875227e+02 8.502722356737274367e+02 4.079637255859375387e+02 4.915012087521853346e+02
2.977414947509765852e+02 2.942801276197205311e+02 1.321512725830078239e+02 1.641439613107935145e+02 6.175343054199219068e+02 8.502722356737274367e+02 4.079637255859375387e+02 4.914409760161713621e+02
2.977553100585937500e+02 2.942600547608254828e+02 1.321512725830078239e+02 1.641956420481815258e+02 6.183063348388672011e+02 8.506357535136114620e+02 4.079637255859375387e+02 4.912026059877622970e+02
2.976439910888672102e+02 2.942082777837030676e+02 1.321512725830078239e+02 1.643216886032156481e+02 6.183717236328125182e+02 8.506377985059599496e+02 4.079479003906250227e+02 4.909219637784091219e+02
2.976439910888672102e+02 2.941254841150277457e+02 1.321832977294921818e+02 1.643216886032156481e+02 6.189050982666016125e+02 8.511646703346488039e+02 4.079038427734375318e+02 4.908971058238636829e+02
2.976439910888672102e+02 2.941163275917235183e+02 1.321832977294921818e+02 1.643865266871533777e+02 6.198939044189453398e+02 8.515345685506604241e+02 4.078160351562500523e+02 4.908266294252622970e+02
2.977553100585937500e+02 2.940972171301727940e+02 1.321832977294921818e+02 1.643865266871533777e+02 6.200654528808594250e+02 8.515572270658826710e+02 4.078160351562500523e+02 4.908266294252622970e+02
2.979029937744140852e+02 2.940972171301727940e+02 1.319775512695312614e+02 1.647942394477922221e+02 6.202150415039062636e+02 8.516559592964722469e+02 4.078160351562500523e+02 4.908266294252622970e+02
2.979029937744140852e+02 2.940972171301727940e+02 1.315974655151367188e+02 1.647942394477922221e+02 6.202349157714844523e+02 8.516559592964722469e+02 4.078388330078125250e+02 4.909410169908217085e+02
2.979029937744140852e+02 2.941163275917235183e+02 1.315974655151367188e+02 1.648573039709097543e+02 6.204229443359375864e+02 8.521519926405444494e+02 4.078881201171875546e+02 4.911262907014860275e+02
2.978876403808594091e+02 2.941188298248187039e+02 1.315974655151367188e+02 1.648222314619773954e+02 6.205567071533203034e+02 8.521519926405444494e+02 4.079282470703125227e+02 4.913221153846154152e+02
2.978833557128906477e+02 2.941188298248187039e+02 1.321315109252929858e+02 1.648007012585324276e+02 6.205567071533203034e+02 8.521519926405444494e+02 4.080234375000000568e+02 4.917573003168706691e+02
2.978236724853515511e+02 2.940732946819005633e+02 1.321337768554687671e+02 1.648007012585324276e+02 6.206105230712890943e+02 8.520179229421713671e+02 4.080800048828125455e+02 4.918136746066434171e+02
2.978236724853515511e+02 2.940732946819005633e+02 1.321551452636718693e+02 1.648007012585324276e+02 6.206105230712890943e+02 8.519931376349064749e+02 4.080800048828125455e+02 4.918136746066434171e+02
2.978265563964843636e+02 2.940489047834897747e+02 1.323255981445312557e+02 1.642972437106708696e+02 6.209717358398437455e+02 8.519931376349064749e+02 4.080800048828125455e+02 4.917573003168706691e+02
2.978265563964843636e+02 2.940489047834897747e+02 1.323255981445312557e+02 1.642122365281036593e+02 6.209717358398437455e+02 8.517429941708279557e+02 4.080397070312500318e+02 4.918111136909965353e+02
2.978288635253906591e+02 2.940732946819005633e+02 1.323255981445312557e+02 1.642122365281036593e+02 6.209717358398437455e+02 8.517429941708279557e+02 4.079954443359375205e+02 4.917021894121504033e+02
3.006459228515624886e+02 3.063652810366893959e+02 1.323255981445312557e+02 1.642122365281036593e+02 6.210255926513672193e+02 8.517429941708279557e+02 4.079692968750000546e+02 4.916114988527098149e+02
3.007134887695312386e+02 3.064914100829244603e+02 1.323312149047851562e+02 1.642334367667448873e+02 6.210255926513672193e+02 8.517429941708279557e+02 4.079692968750000546e+02 4.916114988527098149e+02
3.007134887695312386e+02 3.065143976309193476e+02 1.323626220703125114e+02 1.642342891758212318e+02 6.208364190673828489e+02 8.517429941708279557e+02 4.078742431640625341e+02 4.915223789881993639e+02
3.007138732910156591e+02 3.065774759025703702e+02 1.325935409545898551e+02 1.642342891758212318e+02 6.209764794921875364e+02 8.519061027605508798e+02 4.078236230468750136e+02 4.914978624890734409e+02
3.007239532470703125e+02 3.066366220936433251e+02 1.326360443115234489e+02 1.642801680320765740e+02 6.209764794921875364e+02 8.519061027605508798e+02 4.078065332031250136e+02 4.914354785839161082e+02
3.007239532470703125e+02 3.066704709830951288e+02 1.326387084960937557e+02 1.642801680320765740e+02 6.207349212646485057e+02 8.519061027605508798e+02 4.077258349609375614e+02 4.914206252731643758e+02
3.007842407226562500e+02 3.067628886252132929e+02 1.326387084960937557e+02 1.643202862527996899e+02 6.207349212646485057e+02 8.516020532981635824e+02 4.076711132812500296e+02 4.914206252731643758e+02
3.007842407226562500e+02 3.067628886252132929e+02 1.326470031738281250e+02 1.643202862527996899e+02 6.207524237060547421e+02 8.515919919358085508e+02 4.076711132812500296e+02 4.913333834134615472e+02
3.007842407226562500e+02 3.067628886252132929e+02 1.326470031738281250e+02 1.643202862527996899e+02 6.207524237060547421e+02 8.515568998671069494e+02 4.076711132812500296e+02 4.913333834134615472e+02
2.982239593505859716e+02 2.941074460390891545e+02 1.327238525390625057e+02 1.641408266451578584e+02 6.207524237060547421e+02 8.515568998671069494e+02 4.076728564453125614e+02 4.912951062609266160e+02
2.982192077636718750e+02 2.940968871653690258e+02 1.327284393310546875e+02 1.640801818639345129e+02 6.209875616455078671e+02 8.516020532981635824e+02 4.077630224609375205e+02 4.912005914007867773e+02
2.982009429931640625e+02 2.940517919755225762e+02 1.327524856567382869e+02 1.640783945545808535e+02 6.207524237060547421e+02 8.526989871939432533e+02 4.077630224609375205e+02 4.912005914007867773e+02
2.981196990966797102e+02 2.940228650610601449e+02 1.327551773071289176e+02 1.640480240441019646e+02 6.206821276855469023e+02 8.526989871939432533e+02 4.077630224609375205e+02 4.912242542613636829e+02
2.980776214599609375e+02 2.940193179394198069e+02 1.327551773071289176e+02 1.640470478982241787e+02 6.206544018554687909e+02 8.526989871939432533e+02 4.076737792968750114e+02 4.912242542613636829e+02
2.980776214599609375e+02 2.940193179394198069e+02 1.327551773071289176e+02 1.640470478982241787e+02 6.206821276855469023e+02 8.524216044317814749e+02 4.076370019531250364e+02 4.912005914007867773e+02
2.980776214599609375e+02 2.940228650610601449e+02 1.327263107299804688e+02 1.640180934866947382e+02 6.206821276855469023e+02 8.523776779961339116e+02 4.076370019531250364e+02 4.911182323535839487e+02
3.006021148681640511e+02 3.063150438953178423e+02 1.327174942016601733e+02 1.640180934866947382e+02 6.205916711425782069e+02 8.523706432224548735e+02 4.076212792968750591e+02 4.910369659637237874e+02
3.006043945312500227e+02 3.063267301487841223e+02 1.326886962890625057e+02 1.640560531876599839e+02 6.206357135009766353e+02 8.511548543713755635e+02 4.076370019531250364e+02 4.909966059331293877e+02
3.007146972656250341e+02 3.063540622333617875e+02 1.326232864379882983e+02 1.641170004366200885e+02 6.206357135009766353e+02 8.507817659673002026e+02 4.076797949218750432e+02 4.909118566979895490e+02
3.007485900878906477e+02 3.063637961950724957e+02 1.326232864379882983e+02 1.642359939939739775e+02 6.205916711425782069e+02 8.507817659673002026e+02 4.076797949218750432e+02 4.909118566979895490e+02
3.007797912597656591e+02 3.063783696405716341e+02 1.326886962890625057e+02 1.642359939939739775e+02 6.204750836181641489e+02 8.510975127859213671e+02 4.076797949218750432e+02 4.908609456949300807e+02
3.009340118408203466e+02 3.064123010212243798e+02 1.327754058837890625e+02 1.642359939939739775e+02 6.204042968750000000e+02 8.510975127859213671e+02 4.077060107421875159e+02 4.909118566979895490e+02
3.009451629638671761e+02 3.064123010212243798e+02 1.328592178344726733e+02 1.641330862208031078e+02 6.204042968750000000e+02 8.510975127859213671e+02 4.077060107421875159e+02 4.908902767154720550e+02
3.009451629638671761e+02 3.064123010212243798e+02 1.328690368652343921e+02 1.640949615374360064e+02 6.204042968750000000e+02 8.511152633195069939e+02 4.078207861328125432e+02 4.909421779392482676e+02
3.009340118408203466e+02 3.063513400237308133e+02 1.328690368652343921e+02 1.640949615374360064e+02 6.204426959228516125e+02 8.517127282840689304e+02 4.080778173828125546e+02 4.909421779392482676e+02
2.981929779052734375e+02 2.946772677581058133e+02 1.328690368652343921e+02 1.640949615374360064e+02 6.204709124755859193e+02 8.517940371798484875e+02 4.081515771484375250e+02 4.910014546000874702e+02
2.981745483398437386e+02 2.946660764518451288e+02 1.325812088012695256e+02 1.641832271224402575e+02 6.204843255615235194e+02 8.519667163337628608e+02 4.081515771484375250e+02 4.910014546000874702e+02
2.981570251464843864e+02 2.946376169875213122e+02 1.325128738403320483e+02 1.641832271224402575e+02 6.205084936523437591e+02 8.517940371798484875e+02 4.081570458984375591e+02 4.910224882539336022e+02
2.981486206054687500e+02 2.945140176714483573e+02 1.324820159912109432e+02 1.641832271224402575e+02 6.206483087158203489e+02 8.519667163337628608e+02 4.081570458984375591e+02 4.910224882539336022e+02
2.981437316894531477e+02 2.945114604442192672e+02 1.324184875488281250e+02 1.641295390991627414e+02 6.206574279785156705e+02 8.520120333642074684e+02 4.082564062500000546e+02 4.910224882539336022e+02
2.981437316894531477e+02 2.945068684340337200e+02 1.323858169555664119e+02 1.639457349549381320e+02 6.208132324218750000e+02 8.520120333642074684e+02 4.082951318359375250e+02 4.911239688046329093e+02
2.981486206054687500e+02 2.945114604442192672e+02 1.323858169555664119e+02 1.639373895951098632e+02 6.208166674804688228e+02 8.528339566889496837e+02 4.083852294921875341e+02 4.911239688046329093e+02
2.981505432128906250e+02 2.945140176714483573e+02 1.323999755859375114e+02 1.639373895951098632e+02 6.211257818603515943e+02 8.531919121496455318e+02 4.083890917968750500e+02 4.911239688046329093e+02
2.982165435791015966e+02 2.947289072498933251e+02 1.324177185058593693e+02 1.639457349549381320e+02 6.212249078369140989e+02 8.535266364972615065e+02 4.083890917968750500e+02 4.911931135270979212e+02
2.982187133789062727e+02 2.947400710590870290e+02 1.324177185058593693e+02 1.639814123993440660e+02 6.213046502685547239e+02 8.535266364972615065e+02 4.083852294921875341e+02 4.911931135270979212e+02
2.982374450683593636e+02 2.947417208831058133e+02 1.324229919433593921e+02 1.640672857395211111e+02 6.213046502685547239e+02 8.535266364972615065e+02 4.083852294921875341e+02 4.913400759396853346e+02
2.982374450683593636e+02 2.947476602495733573e+02 1.324277023315429744e+02 1.640672857395211111e+02 6.213263647460937591e+02 8.533616465145779557e+02 4.083909375000000637e+02 4.913933088395979212e+02
2.982374450683593636e+02 2.948143956311326974e+02 1.324644378662109432e+02 1.640672857395211111e+02 6.213263647460937591e+02 8.518599677331668545e+02 4.084008496093750296e+02 4.914663461538461888e+02
2.981705657958984261e+02 2.948143956311326974e+02 1.325984298706054858e+02 1.640438994840550322e+02 6.216543719482422148e+02 8.518352642255958926e+02 4.084283300781250432e+02 4.915720948972902420e+02
2.981372222900390625e+02 2.948143956311326974e+02 1.326233688354492131e+02 1.640436107648517350e+02 6.216947747802735194e+02 8.518352642255958926e+02 4.084283300781250432e+02 4.916042941433566966e+02
2.981163757324218864e+02 2.946454536516104667e+02 1.326394638061523494e+02 1.640436107648517350e+02 6.218500885009766534e+02 8.518599677331668545e+02 4.084008496093750296e+02 4.916591318837412814e+02
2.980189819335937500e+02 2.945453643278050322e+02 1.326524139404296818e+02 1.640438994840550322e+02 6.220451098632812545e+02 8.518684749013368673e+02 4.083787353515625114e+02 4.916591318837412814e+02
2.980165924072265966e+02 2.945423121533702897e+02 1.326526199340820256e+02 1.640436107648517350e+02 6.221374066162110239e+02 8.522633220240012406e+02 4.083752490234375614e+02 4.917015065013112007e+02
2.980095611572265852e+02 2.945213868853988970e+02 1.327088150024414119e+02 1.639864031170008616e+02 6.221734338378906841e+02 8.525409501852448102e+02 4.083752490234375614e+02 4.917322374890734409e+02
2.979742126464843750e+02 2.945213868853988970e+02 1.328398544311523608e+02 1.638682344716563648e+02 6.222641357421875909e+02 8.525991915673324684e+02 4.083787353515625114e+02 4.917793924825174940e+02
2.979451263427734489e+02 2.945213868853988970e+02 1.329118423461914062e+02 1.635676502839696980e+02 6.222641357421875909e+02 8.526478623852286773e+02 4.084733789062500477e+02 4.917933921547203227e+02
2.979451263427734489e+02 2.945213868853988970e+02 1.329377975463867188e+02 1.635595798948112076e+02 6.221734338378906841e+02 8.526478623852286773e+02 4.084733789062500477e+02 4.918005285729895490e+02
2.979629791259765739e+02 2.945239716096949678e+02 1.329385528564453125e+02 1.635594974036102656e+02 6.221734338378906841e+02 8.526478623852286773e+02 4.085148046875000318e+02 4.918009041739510963e+02
2.979742126464843750e+02 2.945335405890038487e+02 1.329725143432617358e+02 1.635588787196032285e+02 6.218029791259765489e+02 8.526478623852286773e+02 4.085220849609375477e+02 4.918009041739510963e+02
2.980158782958984602e+02 2.946844169955204507e+02 1.330159927368164006e+02 1.635584112694645853e+02 6.207117346191406568e+02 8.500904767537854241e+02 4.086309130859375500e+02 4.918150062827797342e+02
2.980158782958984602e+02 2.947150487281356277e+02 1.330179702758789233e+02 1.635234624973336111e+02 6.207117346191406568e+02 8.500904767537854241e+02 4.086798925781250205e+02 4.919800658326049074e+02
2.980158782958984602e+02 2.947273949112094442e+02 1.330179702758789233e+02 1.635234624973336111e+02 6.217882574462890943e+02 8.519945282297035192e+02 4.086798925781250205e+02 4.920067335008741338e+02
2.979858032226562727e+02 2.948735143251386148e+02 1.330179702758789233e+02 1.635234624973336111e+02 6.207117346191406568e+02 8.513272881262080318e+02 4.086798925781250205e+02 4.920067335008741338e+02
2.979728118896484261e+02 2.949018912982614893e+02 1.330260177612304631e+02 1.635227200765251609e+02 6.207117346191406568e+02 8.517668796814593861e+02 4.086066796875000477e+02 4.920238404173951494e+02
2.979709716796875227e+02 2.949046685020264249e+02 1.330670242309570312e+02 1.635462575658596336e+02 6.215739752197265489e+02 8.519945282297035192e+02 4.086066796875000477e+02 4.920238404173951494e+02
2.979709716796875227e+02 2.949094529916808938e+02 1.330670242309570312e+02 1.635509320672461513e+02 6.206862170410156523e+02 8.517668796814593861e+02 4.086066796875000477e+02 4.920238404173951494e+02
2.979709716796875227e+02 2.949046685020264249e+02 1.330670242309570312e+02 1.635509320672461513e+02 6.206862170410156523e+02 8.516038528914303924e+02 4.086222998046875432e+02 4.920238404173951494e+02
2.979776733398437614e+02 2.949046685020264249e+02 1.326459869384765682e+02 1.638272913389238568e+02 6.208026409912109784e+02 8.516038528914303924e+02 4.086691943359375614e+02 4.920238404173951494e+02
2.979776733398437614e+02 2.948932847162969324e+02 1.326075622558593921e+02 1.638520249506719324e+02 6.208396905517578261e+02 8.516038528914303924e+02 4.086691943359375614e+02 4.919756952032342951e+02
2.979776733398437614e+02 2.948714520451151770e+02 1.326075622558593921e+02 1.638923906449978745e+02 6.208396905517578261e+02 8.516038528914303924e+02 4.086691943359375614e+02 4.919466714925699762e+02
2.979776733398437614e+02 2.948714520451151770e+02 1.326214599609375000e+02 1.638520249506719324e+02 6.210370428466796966e+02 8.518691292988884243e+02 4.086574023437500500e+02 4.918621954217657617e+02
2.979297454833984489e+02 2.948634503986241384e+02 1.326214599609375000e+02 1.638272913389238568e+02 6.211326519775391262e+02 8.533310534290430951e+02 4.086395605468750318e+02 4.918245328889860275e+02
2.979248565673828466e+02 2.948634503986241384e+02 1.327720687866211051e+02 1.635307629686166706e+02 6.211371911621093886e+02 8.533924849991944939e+02 4.086107470703125273e+02 4.917908312390734409e+02
2.979297454833984489e+02 2.948634503986241384e+02 1.327720687866211051e+02 1.634693757665849034e+02 6.211326519775391262e+02 8.533310534290430951e+02 4.086395605468750318e+02 4.917726999562937635e+02
3.011793640136718864e+02 3.058171545035195891e+02 1.327955383300781307e+02 1.634693757665849034e+02 6.210816577148438000e+02 8.533310534290430951e+02 4.086574023437500500e+02 4.917726999562937635e+02
3.011315460205078125e+02 3.059615965963630515e+02 1.328122100830078125e+02 1.634510077258425724e+02 6.210816577148438000e+02 8.533310534290430951e+02 4.086395605468750318e+02 4.917908312390734409e+02
3.011315460205078125e+02 3.059615965963630515e+02 1.327955383300781307e+02 1.634510077258425724e+02 6.210057183837891444e+02 8.529229547559599496e+02 4.086394238281250182e+02 4.917908312390734409e+02
3.011315460205078125e+02 3.059615965963630515e+02 1.326797698974609432e+02 1.634510077258425724e+02 6.209894018554688273e+02 8.515799673807989620e+02 4.086394238281250182e+02 4.917111696896853346e+02
