3.819913055419921761e+02 4.532430365760985183e+02 2.217344512939453125e+02 3.842107975149317554e+02 9.116548999023438000e+02 7.482995102086017596e+02 3.007663134765625159e+02 2.265707429472383350e+00
3.819971832275390966e+02 4.532733933380439453e+02 2.217344512939453125e+02 3.842189641438246213e+02 9.117712011718750773e+02 7.487377111690559559e+02 3.008814990234375273e+02 2.268450010072935008e+00
3.820031433105468750e+02 4.532733933380439453e+02 2.217344512939453125e+02 3.842189641438246213e+02 9.117833056640625955e+02 7.487377111690559559e+02 3.009280517578125114e+02 2.268450010072935008e+00
3.820143768310546761e+02 4.532784253013011835e+02 2.217220916748046875e+02 3.842174518051407972e+02 9.117833056640625955e+02 7.487377111690559559e+02 3.009349560546875182e+02 2.268450010072935008e+00
3.820431610107422102e+02 4.532733933380439453e+02 2.217220916748046875e+02 3.842174518051407972e+02 9.118607580566406341e+02 7.478471579010953292e+02 3.009521142578125250e+02 2.287599523584325834e+00
3.822826629638672102e+02 4.532694062633319163e+02 2.217220916748046875e+02 3.842189641438246213e+02 9.121231311035156750e+02 7.474142739207474051e+02 5.953886230468750682e+02 6.879556381118881063e+02
3.823579467773437841e+02 4.532694062633319163e+02 2.224670471191406307e+02 3.847619212284022865e+02 9.121974755859375819e+02 7.472476479441849051e+02 5.962972558593750136e+02 6.879556381118881063e+02
3.823797271728515739e+02 4.533111468110068358e+02 2.227078674316406364e+02 3.849451341856868680e+02 9.122323168945313228e+02 7.456288320010469306e+02 5.963732714843750955e+02 6.880369727928322163e+02
3.825574310302734489e+02 4.533589367134172221e+02 2.229237625122070483e+02 3.850536926061220129e+02 9.122323168945313228e+02 7.447967655142557533e+02 5.963732714843750955e+02 6.879556381118881063e+02
3.827186279296875000e+02 4.533589367134172221e+02 2.229742584228515625e+02 3.850536926061220129e+02 9.122323168945313228e+02 7.445476036465043990e+02 5.963732714843750955e+02 6.877628523819930706e+02
3.827194793701171989e+02 4.533589367134172221e+02 2.231491470336914062e+02 3.850536926061220129e+02 9.121655786132813546e+02 7.423610160277061141e+02 5.965641308593750409e+02 6.877628523819930706e+02
3.832981292724609261e+02 4.532019284609641545e+02 2.256558700561523381e+02 3.848955844709897747e+02 9.118547058105468750e+02 7.400460028894168545e+02 5.965641308593750409e+02 6.877864810970280587e+02
3.840402832031250000e+02 4.532019284609641545e+02 2.256669250488281193e+02 3.848955844709897747e+02 9.116283190917969250e+02 7.395650206890302343e+02 3.008105078125000205e+02 2.195242234876939591e+00
3.843731964111328239e+02 4.532019284609641545e+02 2.265166213989257926e+02 3.848802411076151770e+02 9.115116906738281841e+02 7.380800290451835508e+02 3.008105078125000205e+02 2.192324925135899605e+00
3.844473815917968977e+02 4.534552864361134539e+02 2.274387313842773608e+02 3.848802411076151770e+02 9.115116906738281841e+02 7.365367142195553924e+02 5.972754101562500182e+02 6.877864810970280587e+02
3.852792938232421989e+02 4.535415997293621899e+02 2.291352127075195426e+02 3.849103228988907972e+02 9.115116906738281841e+02 7.321486514376609875e+02 3.009746386718750273e+02 2.264270915851726684e+00
3.864083038330078352e+02 4.546886123813459903e+02 2.298837936401367301e+02 3.856885723856121899e+02 9.123708642578125136e+02 7.276460690842460508e+02 3.009746386718750273e+02 2.264270915851726684e+00
3.878428985595703011e+02 4.553898700805247017e+02 2.315066528320312500e+02 3.857296255066125923e+02 9.132592358398437682e+02 7.250109737435566331e+02 5.961075585937500136e+02 6.881871448863637397e+02
3.879451263427734489e+02 4.554788505892704507e+02 2.316588134765625000e+02 3.857533829724829388e+02 9.133011108398437727e+02 7.186309248147550761e+02 5.961075585937500136e+02 6.960390488417832557e+02
3.887648712158203352e+02 4.561753787929287114e+02 2.376024444580078239e+02 3.874189353135665215e+02 9.133011108398437727e+02 7.145437213071842280e+02 5.926239648437500591e+02 6.960390488417832557e+02
3.897164520263672216e+02 4.563633487428007811e+02 2.405012969970703125e+02 3.879715438686540097e+02 9.140108593750001091e+02 7.098818749496616647e+02 5.932161621093750909e+02 6.960390488417832557e+02
3.897835784912109602e+02 4.563640361694752414e+02 2.439374633789062443e+02 3.895412414342470129e+02 9.140622216796875819e+02 7.038428489449097469e+02 5.928142089843750000e+02 6.960390488417832557e+02
3.906592163085937841e+02 4.572787261025490579e+02 2.450133544921875171e+02 3.928075905236774474e+02 9.164045227050781932e+02 7.027850153028349496e+02 5.926239648437500591e+02 6.960390488417832557e+02
3.936608459472656136e+02 4.579520742787435665e+02 2.478797698974609318e+02 3.944574695365827779e+02 9.188991931152344250e+02 7.023641558774967280e+02 5.921347167968750682e+02 6.962555315777972282e+02
3.944891052246093750e+02 4.592222462937286309e+02 2.499806030273437614e+02 3.947221013091936470e+02 9.228007653808593886e+02 6.977576061130798735e+02 5.921347167968750682e+02 6.978482845279720550e+02
3.956152313232421989e+02 4.597590715323698873e+02 2.523346710205078125e+02 3.959693132732508616e+02 9.234564526367188364e+02 6.947462321802512406e+02 5.914568652343750728e+02 7.008623115166084290e+02
3.970447448730469091e+02 4.600588170595136148e+02 2.578378601074218750e+02 3.987607055247440258e+02 9.234914575195313091e+02 6.839993883899805951e+02 5.907379296875000136e+02 7.027794471153846416e+02
3.974356658935546989e+02 4.612626661489441062e+02 2.585307678222656591e+02 3.998085362561326406e+02 9.239144604492188364e+02 6.800568885409954873e+02 5.898018164062500546e+02 7.055576649912587754e+02
3.974643676757812614e+02 4.624104212217363283e+02 2.613810058593750227e+02 4.017534313006612479e+02 9.321657983398438319e+02 6.736111953578043767e+02 5.897027636718750045e+02 7.068774584790210156e+02
3.986128234863281250e+02 4.633761732081911191e+02 2.657460113525390852e+02 4.037259059033702897e+02 9.338053845214844841e+02 6.634538001620892373e+02 5.891869238281250318e+02 7.089737898819930706e+02
3.998222808837890625e+02 4.662797534929607082e+02 2.674907501220703239e+02 4.058597607921821577e+02 9.348811303710938319e+02 6.564479017749274590e+02 5.866679492187500955e+02 7.129334435096154721e+02
4.015983306884765511e+02 4.687732975149316985e+02 2.722554107666015852e+02 4.100126703151663605e+02 9.356150061035157250e+02 6.499712883074258798e+02 5.863396875000000819e+02 7.149552693400349881e+02
4.025985534667968864e+02 4.690570122520264249e+02 2.730534851074218636e+02 4.144696699018771255e+02 9.374858044433594841e+02 6.375477552905524590e+02 5.863396875000000819e+02 7.171369645979021925e+02
4.051271392822265511e+02 4.711026290529010225e+02 2.732333038330078239e+02 4.145514736761411996e+02 9.388680065917969841e+02 6.305489734767637628e+02 5.866679492187500955e+02 7.203848202578672044e+02
4.052704559326172102e+02 4.726073235521544120e+02 2.803002319335937500e+02 4.145797131639291706e+02 9.459376025390625955e+02 6.189274455591574906e+02 5.887104589843750091e+02 7.255328753277972282e+02
4.083017761230468636e+02 4.737469119960537114e+02 2.910698822021484489e+02 4.165691534569645569e+02 9.517953588867187591e+02 6.059190856304364843e+02 5.891688085937501000e+02 7.272725223994756334e+02
4.121975006103515966e+02 4.748158329778156599e+02 2.979004119873047216e+02 4.200325190313033090e+02 9.557056823730468977e+02 5.948863928096810696e+02 5.891688085937501000e+02 7.306383167613637397e+02
4.148815155029296875e+02 4.750259655636731964e+02 3.021375366210937727e+02 4.225251281529970129e+02 9.565920092773437773e+02 5.850023721911243229e+02 5.891688085937501000e+02 7.344417886800699762e+02
4.154195983886718864e+02 4.756298011545434861e+02 3.091868865966796989e+02 4.245189954738161191e+02 9.589424890136718886e+02 5.780976191255234653e+02 5.876566308593750136e+02 7.363410320148601613e+02
4.154195983886718864e+02 4.763950445285835826e+02 3.114358154296875227e+02 4.263220331497973348e+02 9.604369848632812818e+02 5.696189990486066108e+02 5.862517089843750000e+02 7.374353966346154721e+02
4.154195983886718864e+02 4.766193106068685665e+02 3.125010498046875114e+02 4.282003852922354667e+02 9.613651049804688000e+02 5.669030038106072880e+02 5.823837988281250091e+02 7.398815832604896059e+02
4.141483978271484716e+02 4.799184636972055955e+02 3.125010498046875114e+02 4.293198458831058133e+02 9.651960131835937773e+02 5.650551078245811141e+02 5.801788671875000318e+02 7.438807091346154721e+02
4.137311645507812727e+02 4.800670028530290097e+02 3.125010498046875114e+02 4.301530895037862479e+02 9.665830407714844341e+02 5.641507713081909969e+02 5.749585351562500364e+02 7.445565859921329093e+02
4.115017639160156477e+02 4.810927534396330998e+02 3.098276092529296761e+02 4.325595228175661191e+02 9.666024243164063137e+02 5.639555563385953292e+02 5.711746386718750728e+02 7.475073754370630468e+02
4.107672180175781591e+02 4.829858715070392350e+02 3.093694519042969091e+02 4.340852800701258616e+02 9.693254443359375045e+02 5.639555563385953292e+02 5.708422412109375728e+02 7.493834680944056572e+02
4.099014953613281591e+02 4.841266148277516663e+02 3.076780792236328352e+02 4.341091475242640740e+02 9.711609924316406932e+02 5.641507713081909969e+02 5.684310693359375364e+02 7.508840280812937635e+02
4.080173675537109261e+02 4.861845503146330998e+02 3.053815246582031477e+02 4.374456966256932446e+02 9.737327880859376137e+02 5.643110169086259020e+02 5.646210595703125819e+02 7.543552638767482676e+02
4.038750274658203239e+02 4.877481985254905794e+02 3.028696929931640511e+02 4.410441827871693476e+02 9.755487890625000773e+02 5.643110169086259020e+02 5.586101513671875409e+02 7.572182992788461888e+02
4.016043182373047102e+02 4.884289709097695891e+02 3.023740447998047216e+02 4.417947977215763444e+02 9.769866882324218977e+02 5.643668860995892373e+02 5.549508740234375637e+02 7.578125000000000000e+02
4.015078033447265966e+02 4.889207834497653380e+02 3.014297698974609716e+02 4.422469319939206116e+02 9.782442468261718886e+02 5.667032898578446520e+02 5.537678125000001046e+02 7.602247459571678974e+02
4.002130920410156136e+02 4.889783073138864893e+02 2.979731964111328466e+02 4.436963573885452092e+02 9.920691308593750364e+02 5.671450491049854463e+02 5.524388378906251091e+02 7.610380927666084290e+02
3.997315063476562500e+02 4.890911002826364893e+02 2.974605194091797102e+02 4.440268446365720933e+02 9.920691308593750364e+02 5.674356425177189749e+02 5.510904833984375273e+02 7.617748169798951494e+02
3.997315063476562500e+02 4.890911002826364893e+02 2.973262115478515852e+02 4.441389776757145569e+02 9.920691308593750364e+02 5.675156426183955318e+02 5.509784423828125455e+02 7.622083970716784052e+02
3.997232940673828239e+02 4.892356248666808938e+02 2.973126983642578125e+02 4.442655741720882929e+02 9.910545617675782069e+02 5.675156426183955318e+02 5.509784423828125455e+02 7.624448208041958424e+02
3.997232940673828239e+02 4.898891751546501609e+02 2.971240081787109375e+02 4.444062491667555150e+02 9.907507226562501046e+02 5.676440681378865065e+02 5.510904833984375273e+02 7.626712740384615472e+02
3.997232940673828239e+02 4.899249763358574796e+02 2.968660491943359716e+02 4.444160931167342028e+02 9.905843676757813228e+02 5.681214102518927120e+02 5.515910791015625136e+02 7.626712740384615472e+02
3.997232940673828239e+02 4.899249763358574796e+02 2.968660491943359716e+02 4.445763460230908777e+02 9.901855737304688319e+02 5.682590382369522786e+02 5.518573388671875364e+02 7.626712740384615472e+02
3.993389923095703011e+02 4.899039685766851449e+02 2.968660491943359716e+02 4.447152612054713927e+02 9.901387915039063046e+02 5.682590382369522786e+02 5.520738330078125955e+02 7.622745028409091219e+02
3.993389923095703011e+02 4.902348132865827210e+02 2.969889038085937614e+02 4.449966386918728745e+02 9.901387915039063046e+02 5.682590382369522786e+02 5.523820312500000682e+02 7.618723366477273657e+02
3.995198547363281136e+02 4.900972179634172221e+02 2.970664947509765739e+02 4.450629341203604667e+02 9.904195666503907205e+02 5.682852959387080318e+02 5.526644238281251091e+02 7.616618635270979212e+02
3.995484741210937614e+02 4.899235464883745408e+02 2.972143432617187386e+02 4.451191931194005633e+02 9.904195666503907205e+02 5.683340485562982849e+02 5.527211962890625045e+02 7.615338177447553107e+02
3.995484741210937614e+02 4.899235464883745408e+02 2.972543884277343977e+02 4.453136523770797908e+02 9.907676525878906659e+02 5.685007972324017373e+02 5.528800976562500864e+02 7.615322470498252869e+02
3.997212066650390625e+02 4.899235464883745408e+02 2.973675750732422216e+02 4.453168970309833412e+02 9.907676525878906659e+02 5.688056646917283388e+02 5.530009228515625637e+02 7.613055206512237874e+02
3.997212066650390625e+02 4.899235464883745408e+02 2.974306915283203239e+02 4.453168970309833412e+02 9.908603173828125819e+02 5.688140082605106045e+02 5.530009228515625637e+02 7.612470634833916847e+02
3.997212066650390625e+02 4.899235464883745408e+02 2.975124572753906591e+02 4.453838248920114893e+02 9.909808715820313409e+02 5.688407567604300539e+02 5.530064941406250227e+02 7.612103911713287516e+02
3.997212066650390625e+02 4.900100522610921416e+02 2.975740356445312500e+02 4.453873995107188648e+02 9.913330468750000364e+02 5.688933130637885824e+02 5.530076220703125500e+02 7.611900404283217085e+02
3.997667724609374886e+02 4.900100522610921416e+02 2.975805999755859261e+02 4.454946380719389936e+02 9.916932373046876137e+02 5.689397343901014210e+02 5.530617626953126091e+02 7.611889477709790981e+02
3.997415588378906364e+02 4.900720306500639936e+02 2.975805999755859261e+02 4.455190829644838004e+02 9.917154833984375273e+02 5.689397343901014210e+02 5.531230468750000000e+02 7.611511145104896059e+02
3.997415588378906364e+02 4.900720306500639936e+02 2.976221557617187727e+02 4.455190829644838004e+02 9.918506774902344887e+02 5.689397343901014210e+02 5.532504003906250318e+02 7.611511145104896059e+02
3.997415588378906364e+02 4.900930934033702897e+02 2.976326202392578466e+02 4.454946380719389936e+02 9.921263818359375364e+02 5.689115952953849273e+02 5.532553222656250682e+02 7.611511145104896059e+02
3.997250244140624886e+02 4.900930934033702897e+02 2.976396789550781250e+02 4.453784629639504828e+02 9.921356237792969068e+02 5.686964621003140792e+02 5.532761718750000455e+02 7.611315832604896059e+02
3.997189270019531477e+02 4.905976095883105472e+02 2.976396789550781250e+02 4.453784629639504828e+02 9.921356237792969068e+02 5.685672594837305951e+02 5.533511962890625000e+02 7.611201103583916847e+02
3.997177734375000000e+02 4.910319532583191062e+02 2.976396789550781250e+02 4.453784629639504828e+02 9.921356237792969068e+02 5.685672594837305951e+02 5.533647314453126000e+02 7.611201103583916847e+02
3.997000030517578466e+02 4.911312176701151770e+02 2.975588195800781364e+02 4.454913659209684056e+02 9.923150646972657114e+02 5.685672594837305951e+02 5.533647314453126000e+02 7.611201103583916847e+02
3.996791564941406136e+02 4.912425807913822382e+02 2.974984497070312841e+02 4.455215302034449678e+02 9.924879626464844478e+02 5.687246829947245033e+02 5.533647314453126000e+02 7.612115521197553107e+02
3.996025543212890625e+02 4.912441756212670612e+02 2.974725769042968864e+02 4.455678902583724152e+02 9.924952416992188091e+02 5.687496728012241647e+02 5.533647314453126000e+02 7.612411221590909918e+02
3.995861297607422102e+02 4.912492350815912800e+02 2.974393157958984375e+02 4.455917852095776084e+02 9.924952416992188091e+02 5.688630062771826488e+02 5.533647314453126000e+02 7.614438783872378735e+02
3.995861297607422102e+02 4.913832557860494603e+02 2.973927612304687500e+02 4.456006117680780676e+02 9.925797277832032250e+02 5.688730676395376804e+02 5.533513330078125136e+02 7.614438783872378735e+02
3.995861297607422102e+02 4.913860054927474152e+02 2.973879821777343864e+02 4.456607478535622704e+02 9.925879882812500909e+02 5.689075053106877249e+02 5.533253564453125364e+02 7.614438783872378735e+02
3.995861297607422102e+02 4.914373700138651770e+02 2.973795501708984261e+02 4.456764211817405794e+02 9.926956201171875591e+02 5.689455830682184114e+02 5.532716943359375819e+02 7.615052037805944565e+02
3.995861297607422102e+02 4.914373700138651770e+02 2.970447418212890511e+02 4.474546290062393155e+02 9.926956201171875591e+02 5.690866875402705318e+02 5.532703613281250909e+02 7.614943454982518460e+02
3.995701995849609602e+02 4.914373700138651770e+02 2.970394958496094091e+02 4.476458986041488970e+02 9.926956201171875591e+02 5.692647654739851077e+02 5.532530664062500136e+02 7.614943454982518460e+02
3.995332855224609716e+02 4.913784163022610869e+02 2.970235656738281591e+02 4.477418358708404185e+02 9.922507800292969478e+02 5.694979355015705096e+02 5.532530664062500136e+02 7.615052037805944565e+02
3.995332855224609716e+02 4.913784163022610869e+02 2.970235656738281591e+02 4.479169646904330193e+02 9.920834436035156614e+02 5.694979355015705096e+02 5.532554248046875500e+02 7.615398273601399524e+02
3.995332855224609716e+02 4.913784163022610869e+02 2.970394958496094091e+02 4.479713263918515054e+02 9.910719824218750773e+02 5.695272606918491647e+02 5.532530664062500136e+02 7.615398273601399524e+02
3.995332855224609716e+02 4.916382635852175440e+02 2.970235656738281591e+02 4.480574472056313766e+02 9.910696105957032387e+02 5.695272606918491647e+02 5.532530664062500136e+02 7.615398273601399524e+02
3.995332855224609716e+02 4.916967223496160386e+02 2.969896179199218977e+02 4.481725774250746213e+02 9.910696105957032387e+02 5.695272606918491647e+02 5.532176220703125864e+02 7.614283763111889130e+02
3.995235076904297102e+02 4.917009568979308938e+02 2.969810211181640511e+02 4.481725774250746213e+02 9.910719824218750773e+02 5.695214938134262184e+02 5.532132128906250728e+02 7.614283763111889130e+02
3.994907135009765966e+02 4.918358575085323992e+02 2.969810211181640511e+02 4.485150533943045730e+02 9.916542248535156432e+02 5.695214938134262184e+02 5.532132128906250728e+02 7.614283763111889130e+02
3.994907135009765966e+02 4.918961310793515054e+02 2.969797302246093977e+02 4.487359648304180837e+02 9.917972705078125273e+02 5.694606348411323324e+02 5.532107519531250546e+02 7.614392345935315234e+02
3.994758819580078466e+02 4.919409512985281481e+02 2.968774749755859261e+02 4.487362672981548712e+02 9.918092114257813137e+02 5.694468515927029557e+02 5.532093164062500819e+02 7.614399175043706691e+02
3.994758819580078466e+02 4.919585494213950483e+02 2.968291076660156591e+02 4.487533154796821577e+02 9.919721313476562727e+02 5.693316776236307533e+02 5.532093164062500819e+02 7.614897699956294446e+02
3.994662139892578239e+02 4.920503896251066180e+02 2.968224609375000114e+02 4.489446675687926245e+02 9.919721313476562727e+02 5.693036612284552120e+02 5.532134521484375682e+02 7.615354567307692832e+02
3.994213897705078011e+02 4.920503896251066180e+02 2.968193298339843977e+02 4.489611658089803541e+02 9.919721313476562727e+02 5.692718002476642596e+02 5.532224414062500273e+02 7.616788680069930706e+02
3.994213897705078011e+02 4.920503896251066180e+02 2.967513793945312841e+02 4.494963962177367875e+02 9.919004858398437818e+02 5.691399391410276394e+02 5.532509472656250864e+02 7.617222328452797910e+02
3.994213897705078011e+02 4.920689226482508616e+02 2.967513793945312841e+02 4.495103097336283895e+02 9.917957165527344614e+02 5.691092233559519400e+02 5.532509472656250864e+02 7.617432664991259799e+02
3.994413574218750114e+02 4.920689226482508616e+02 2.967513793945312841e+02 4.495519127959684056e+02 9.916563513183593841e+02 5.690601844394329873e+02 5.532509472656250864e+02 7.617546711101399524e+02
3.994559967041015511e+02 4.920689226482508616e+02 2.967781860351562386e+02 4.495103097336283895e+02 9.916371313476563500e+02 5.690601844394329873e+02 5.532353271484375909e+02 7.619176819274475747e+02
3.994575073242187386e+02 4.921220469816552736e+02 2.967836791992187386e+02 4.495103097336283895e+02 9.916371313476563500e+02 5.690475463867187500e+02 5.531938330078126000e+02 7.621834708260489606e+02
3.994903015136719091e+02 4.922056380652730354e+02 2.967926605224609489e+02 4.494721438046608455e+02 9.916563513183593841e+02 5.690475463867187500e+02 5.531646777343750045e+02 7.621834708260489606e+02
3.995229034423828125e+02 4.923089170488481159e+02 2.968188629150390625e+02 4.492864561113481159e+02 9.916563513183593841e+02 5.690475463867187500e+02 5.531646777343750045e+02 7.621834708260489606e+02
3.995319946289062614e+02 4.926527953684940258e+02 2.968189453125000341e+02 4.492864561113481159e+02 9.916371313476563500e+02 5.687045602700144400e+02 5.531646777343750045e+02 7.621420864291958424e+02
3.995359222412109261e+02 4.927765321699018841e+02 2.969015899658203352e+02 4.492864561113481159e+02 9.916859582519531386e+02 5.685644373942895982e+02 5.532570996093750182e+02 7.621420864291958424e+02
3.995359222412109261e+02 4.927765321699018841e+02 2.969133178710937386e+02 4.498086804074231964e+02 9.916272351074219387e+02 5.683978523175740065e+02 5.532570996093750182e+02 7.621420864291958424e+02
3.995319946289062614e+02 4.927765321699018841e+02 2.969133178710937386e+02 4.500698750466616502e+02 9.916272351074219387e+02 5.683581385661645982e+02 5.532751123046875819e+02 7.622514204545454959e+02
3.994825012207031136e+02 4.927144437926621094e+02 2.969133178710937386e+02 4.502465711990720933e+02 9.917836938476563091e+02 5.683312673667041963e+02 5.532751123046875819e+02 7.623103556599651256e+02
3.994427032470703125e+02 4.925467666782209903e+02 2.969092529296875114e+02 4.502465711990720933e+02 9.917976794433594705e+02 5.683209606052673735e+02 5.532683105468750000e+02 7.623367843094406453e+02
3.994250427246093977e+02 4.924408479762158777e+02 2.968934051513671761e+02 4.502465711990720933e+02 9.918215612792969296e+02 5.683209606052673735e+02 5.532658837890625136e+02 7.624183921547203227e+02
3.994250427246093977e+02 4.924058717070179227e+02 2.968327606201171989e+02 4.500540367360814571e+02 9.918215612792969296e+02 5.683312673667041963e+02 5.532658837890625136e+02 7.624791712194056572e+02
3.994230102539062841e+02 4.923124916675554346e+02 2.968086181640625227e+02 4.499466331924594442e+02 9.918215612792969296e+02 5.684500405223099051e+02 5.532219287109375045e+02 7.624791712194056572e+02
3.994250427246093977e+02 4.922056380652730354e+02 2.967913696289062386e+02 4.499308223789462318e+02 9.917957983398438273e+02 5.684500405223099051e+02 5.532048046875000864e+02 7.624819711538461888e+02
3.994277893066406477e+02 4.919419411929393959e+02 2.967754119873047216e+02 4.499032428207657972e+02 9.916496447753906978e+02 5.684500405223099051e+02 5.531970117187501046e+02 7.624819711538461888e+02
3.994430877685546761e+02 4.918244187286689453e+02 2.967754119873047216e+02 4.498684315339696695e+02 9.916496447753906978e+02 5.684500405223099051e+02 5.531732226562500045e+02 7.625673350087413382e+02
3.994430877685546761e+02 4.918002763038609260e+02 2.967754119873047216e+02 4.498591925194645569e+02 9.916551245117187818e+02 5.684500405223099051e+02 5.531139550781250591e+02 7.626742105550699762e+02
3.994430877685546761e+02 4.917913122600255633e+02 2.969173004150390511e+02 4.496550817912755633e+02 9.915779174804688409e+02 5.686269323604623196e+02 5.531137158203125637e+02 7.627512428977273657e+02
3.994051849365234261e+02 4.914993484028370290e+02 2.970171386718749886e+02 4.496550817912755633e+02 9.915779174804688409e+02 5.686269323604623196e+02 5.531042480468750000e+02 7.627736423732518460e+02
3.993695617675781477e+02 4.914852699045434861e+02 2.970461151123046761e+02 4.496070444152623509e+02 9.915779174804688409e+02 5.686269323604623196e+02 5.531034960937500955e+02 7.627520623907342951e+02
3.993695617675781477e+02 4.911457911156143155e+02 2.971342254638672102e+02 4.495315374693365698e+02 9.913629809570312545e+02 5.685831286243555951e+02 5.530446044921875455e+02 7.627520623907342951e+02
3.993695617675781477e+02 4.909272994213950483e+02 2.971475738525390966e+02 4.495935983495093637e+02 9.913629809570312545e+02 5.684153574520779557e+02 5.530441601562500864e+02 7.628324409965035784e+02
3.993696716308593864e+02 4.907975682593856277e+02 2.971475738525390966e+02 4.496070444152623509e+02 9.913081018066407069e+02 5.683707357190318135e+02 5.530441601562500864e+02 7.628324409965035784e+02
3.993808227539062727e+02 4.907100725922568358e+02 2.971475738525390966e+02 4.495935983495093637e+02 9.913081018066407069e+02 5.681523714360502026e+02 5.530253955078125045e+02 7.627520623907342951e+02
3.994038116455078011e+02 4.905857308553754024e+02 2.971337310791015511e+02 4.495315374693365698e+02 9.911804321289063182e+02 5.680874224790592280e+02 5.530196191406250819e+02 7.616203425480770193e+02
3.994038116455078011e+02 4.905675277970349839e+02 2.970592987060546761e+02 4.494246838670541706e+02 9.911804321289063182e+02 5.679748252003462312e+02 5.530253955078125045e+02 7.614182009396853346e+02
3.994139739990234261e+02 4.905018648010878906e+02 2.970057678222656250e+02 4.494161872733574796e+02 9.910108874511719250e+02 5.678426777947809114e+02 5.530253955078125045e+02 7.614182009396853346e+02
3.994139739990234261e+02 4.902584057700511835e+02 2.969971710205078352e+02 4.494161872733574796e+02 9.906403100585938546e+02 5.677172788639658165e+02 5.530196191406250819e+02 7.614182009396853346e+02
3.994631927490234489e+02 4.902250243307380515e+02 2.969831909179687841e+02 4.494246838670541706e+02 9.903749926757813000e+02 5.674769104633134020e+02 5.529470214843750000e+02 7.616362543706294446e+02
3.995052978515624886e+02 4.901585364227815376e+02 2.969570434570312614e+02 4.495363494560580193e+02 9.903090722656251046e+02 5.673813684207876804e+02 5.529371777343750409e+02 7.617666903409091219e+02
3.995136749267578011e+02 4.901149810686860064e+02 2.969386962890625341e+02 4.495943407703178423e+02 9.903090722656251046e+02 5.671277893695634020e+02 5.528985546875001091e+02 7.618815559440560037e+02
3.995265014648437614e+02 4.901089317139504828e+02 2.967774719238281591e+02 4.495943407703178423e+02 9.903749926757813000e+02 5.670845582313144178e+02 5.528567187500000273e+02 7.619536030375874134e+02
4.000382995605468750e+02 4.900158816392918197e+02 2.967650299072265625e+02 4.497416700551941062e+02 9.904229199218750637e+02 5.668536376953125000e+02 5.527986474609375591e+02 7.619536030375874134e+02
4.000382995605468750e+02 4.898328061673421416e+02 2.967649749755859716e+02 4.497416700551941062e+02 9.904229199218750637e+02 5.668242716051868229e+02 5.527639550781250364e+02 7.619536030375874134e+02
4.000382995605468750e+02 4.898328061673421416e+02 2.967649749755859716e+02 4.497361981388651770e+02 9.904229199218750637e+02 5.668237399071762184e+02 5.527639550781250364e+02 7.619299060314685903e+02
4.000364318847656477e+02 4.898328061673421416e+02 2.967650299072265625e+02 4.497361981388651770e+02 9.903408874511719659e+02 5.667865210464319716e+02 5.527639550781250364e+02 7.618061625874125866e+02
4.000267089843750341e+02 4.898594783223122704e+02 2.969221069335937386e+02 4.497361981388651770e+02 9.901528588867188319e+02 5.665575637030847247e+02 5.528134472656250864e+02 7.617625245847902988e+02
4.000246765136718636e+02 4.899897594256612479e+02 2.969316375732421989e+02 4.496854660502879710e+02 9.901528588867188319e+02 5.665575637030847247e+02 5.528134472656250864e+02 7.617625245847902988e+02
3.992803802490234375e+02 4.905432753839590418e+02 2.969637451171875000e+02 4.496854660502879710e+02 9.901528588867188319e+02 5.665147824631523008e+02 5.528134472656250864e+02 7.617625245847902988e+02
3.992779907226562841e+02 4.905819912542661996e+02 2.969645965576171989e+02 4.497638051941125923e+02 9.901736328125000455e+02 5.665147824631523008e+02 5.526727294921875000e+02 7.616846727491259799e+02
3.992506896972656136e+02 4.905825961897397178e+02 2.969645965576171989e+02 4.499319497586923831e+02 9.901921166992187864e+02 5.664799357935324906e+02 5.525964746093750364e+02 7.616846727491259799e+02
3.992506896972656136e+02 4.905819912542661996e+02 2.969637451171875000e+02 4.501222294621906599e+02 9.901924438476563637e+02 5.664628396574983071e+02 5.525215869140625955e+02 7.617809631774475747e+02
3.992506896972656136e+02 4.905432753839590418e+02 2.968801940917969091e+02 4.501222294621906599e+02 9.902901794433594205e+02 5.664313467753302120e+02 5.524855273437500500e+02 7.617809631774475747e+02
3.992335510253906250e+02 4.905166582231228745e+02 2.968733276367187841e+02 4.501222294621906599e+02 9.902901794433594205e+02 5.664313467753302120e+02 5.524484423828125728e+02 7.617898410183566966e+02
3.992059753417968864e+02 4.903743334044368680e+02 2.968551177978515625e+02 4.500798564819752414e+02 9.902901794433594205e+02 5.663656616210937500e+02 5.523913623046875045e+02 7.618120356206294446e+02
3.991648040771484602e+02 4.901224052767704507e+02 2.968411651611328352e+02 4.500798564819752414e+02 9.901791943359376091e+02 5.663656616210937500e+02 5.523629589843750409e+02 7.618234402316434171e+02
3.991648040771484602e+02 4.900866040955631320e+02 2.968394622802734375e+02 4.500651180540742189e+02 9.901308581542969023e+02 5.664324919710453514e+02 5.523629589843750409e+02 7.618234402316434171e+02
3.991648040771484602e+02 4.900540475682593637e+02 2.968394622802734375e+02 4.500651180540742189e+02 9.901308581542969023e+02 5.665378499768443135e+02 5.523913623046875045e+02 7.618120356206294446e+02
3.999252777099609375e+02 4.899111178140998391e+02 2.968305358886718750e+02 4.500651180540742189e+02 9.901791943359376091e+02 5.666082386134825128e+02 5.523998046875000227e+02 7.617686707823427241e+02
3.999378570556640966e+02 4.898178477629052736e+02 2.967303955078124886e+02 4.495409414662435665e+02 9.901791943359376091e+02 5.667800997704574684e+02 5.526122314453125455e+02 7.613475879589161650e+02
3.999407958984375000e+02 4.898178477629052736e+02 2.966369842529297216e+02 4.495061851735814571e+02 9.901308581542969023e+02 5.668313472787128831e+02 5.526242968750000273e+02 7.613475879589161650e+02
3.999421142578125341e+02 4.898178477629052736e+02 2.966369842529297216e+02 4.493147230962030676e+02 9.900806408691406659e+02 5.668327787733569494e+02 5.526409082031250364e+02 7.613475879589161650e+02
3.999468933105468977e+02 4.898398454164889131e+02 2.966369842529297216e+02 4.492841463577218519e+02 9.900806408691406659e+02 5.668426356364770982e+02 5.527982031250001000e+02 7.616865848994756334e+02
3.999573303222656477e+02 4.898398454164889131e+02 2.967502532958984602e+02 4.492625061660089614e+02 9.900806408691406659e+02 5.668426356364770982e+02 5.527982031250001000e+02 7.618950775786713621e+02
3.999573303222656477e+02 4.898398454164889131e+02 2.967502532958984602e+02 4.492625061660089614e+02 9.900806408691406659e+02 5.668426356364770982e+02 5.528014160156250227e+02 7.618950775786713621e+02
3.999573303222656477e+02 4.897995347162969324e+02 2.967502532958984602e+02 4.492625061660089614e+02 9.900806408691406659e+02 5.668789547005878831e+02 5.527982031250001000e+02 7.618950775786713621e+02
3.999057495117187386e+02 4.895809330338096856e+02 2.967077911376953239e+02 4.492681155676727940e+02 9.900704992675781568e+02 5.669176459558231045e+02 5.527866162109376091e+02 7.618684440559441100e+02
3.999057495117187386e+02 4.895207694512585022e+02 2.966694488525390625e+02 4.492779320205844442e+02 9.899967272949219250e+02 5.669542104190157943e+02 5.527801562500000045e+02 7.618608637456294446e+02
3.999057495117187386e+02 4.895207694512585022e+02 2.966686523437500114e+02 4.493110659862948069e+02 9.899144494628907296e+02 5.669668893715769400e+02 5.527866162109376091e+02 7.618329326923077360e+02
3.999133026123046761e+02 4.895207694512585022e+02 2.966600006103515739e+02 4.493160704524850644e+02 9.899144494628907296e+02 5.669686889648437500e+02 5.527801562500000045e+02 7.618100551791958424e+02
3.999562866210937386e+02 4.897042298821459099e+02 2.966570068359375227e+02 4.493205799714696695e+02 9.898869689941407159e+02 5.669839446077641014e+02 5.527801562500000045e+02 7.617320667613637397e+02
3.999562866210937386e+02 4.897417908756399356e+02 2.966570068359375227e+02 4.493520641131612479e+02 9.898869689941407159e+02 5.669686889648437500e+02 5.527801562500000045e+02 7.617055698208042713e+02
3.999562866210937386e+02 4.897417908756399356e+02 2.966570068359375227e+02 4.493963618880652575e+02 9.898869689941407159e+02 5.669668893715769400e+02 5.527349365234375682e+02 7.617055698208042713e+02
3.999290954589843636e+02 4.897417908756399356e+02 2.966536560058593750e+02 4.494159123026876728e+02 9.902518212890626046e+02 5.669508157317170571e+02 5.526633300781250000e+02 7.617055698208042713e+02
3.998671051025390852e+02 4.896165692326151770e+02 2.966535461425781364e+02 4.494159123026876728e+02 9.902518212890626046e+02 5.668751101149725855e+02 5.526225195312500773e+02 7.618900923295454959e+02
3.998339263916015511e+02 4.895103205658062961e+02 2.965908416748047216e+02 4.494159123026876728e+02 9.902929602050782023e+02 5.668691387373147563e+02 5.525929541015625546e+02 7.619603638548951494e+02
3.998179687500000341e+02 4.895071309060366502e+02 2.965908416748047216e+02 4.494130801047888326e+02 9.902929602050782023e+02 5.668691387373147563e+02 5.523119287109375364e+02 7.621536276223777122e+02
3.998179687500000341e+02 4.895071309060366502e+02 2.965830688476562500e+02 4.493239621107081803e+02 9.902929602050782023e+02 5.668691387373147563e+02 5.522828417968750045e+02 7.621536276223777122e+02
3.998179687500000341e+02 4.894980018797994603e+02 2.965830688476562500e+02 4.492037724309406599e+02 9.903754833984376091e+02 5.669094250865817912e+02 5.522704687500000773e+02 7.622911658653846416e+02
3.998193969726562500e+02 4.895071309060366502e+02 2.965886444091797216e+02 4.491923061540102253e+02 9.903754833984376091e+02 5.669254169267477437e+02 5.522704687500000773e+02 7.623539253715035784e+02
3.998266204833984716e+02 4.895187896624360064e+02 2.965870239257812386e+02 4.491896664355801931e+02 9.902734948730469569e+02 5.669466848471729463e+02 5.521899072265625819e+02 7.626529037368882200e+02
3.998266204833984716e+02 4.895187896624360064e+02 2.965830688476562500e+02 4.491894189619773670e+02 9.900918457031250455e+02 5.670605500211420349e+02 5.521899072265625819e+02 7.627530867569930706e+02
3.998253845214844091e+02 4.894947022317619485e+02 2.965813110351562614e+02 4.491894189619773670e+02 9.900758972167969887e+02 5.671417771172277753e+02 5.521899072265625819e+02 7.627530867569930706e+02
3.998253845214844091e+02 4.894754542848762640e+02 2.965870239257812386e+02 4.491888140265038487e+02 9.895354479980469478e+02 5.672543334960937500e+02 5.519623730468750864e+02 7.627530867569930706e+02
3.998230773925781136e+02 4.894729795488481159e+02 2.965870239257812386e+02 4.491655790049061352e+02 9.895156555175782387e+02 5.672932701504107627e+02 5.518985595703125000e+02 7.626776934003496535e+02
3.997869323730469091e+02 4.893412685980161996e+02 2.965757629394531136e+02 4.491655790049061352e+02 9.894859667968750045e+02 5.672971556358729686e+02 5.516850732421875136e+02 7.626545427229021925e+02
3.997578735351562500e+02 4.892201715150383734e+02 2.965757629394531136e+02 4.492378412969283090e+02 9.895156555175782387e+02 5.673123703789465253e+02 5.516850732421875136e+02 7.626489428540210156e+02
3.997209594726562614e+02 4.892179167555460708e+02 2.965757629394531136e+02 4.495176789475789292e+02 9.894859667968750045e+02 5.673123703789465253e+02 5.516850732421875136e+02 7.626261336319930706e+02
3.997188446044921761e+02 4.891704018238054346e+02 2.965211883544922102e+02 4.497957292888758616e+02 9.893502001953125955e+02 5.674992826796069494e+02 5.521966406250001000e+02 7.623320722246504602e+02
3.997161254882812500e+02 4.891524737361348230e+02 2.963262908935546989e+02 4.498194592576791706e+02 9.892501745605469523e+02 5.679739663035599051e+02 5.521966406250001000e+02 7.622806490384615472e+02
3.997056335449219091e+02 4.891357005252772865e+02 2.962532867431640966e+02 4.498194592576791706e+02 9.892501745605469523e+02 5.679739663035599051e+02 5.521966406250001000e+02 7.622422694493008066e+02
3.997056335449219091e+02 4.891357005252772865e+02 2.962077484130859375e+02 4.498194592576791706e+02 9.892501745605469523e+02 5.679762975948373196e+02 5.521719628906250819e+02 7.622422694493008066e+02
3.997047546386718864e+02 4.891357005252772865e+02 2.962077484130859375e+02 4.496549718030076406e+02 9.893420214843750955e+02 5.679762975948373196e+02 5.521194287109375409e+02 7.622332550262237874e+02
3.997047546386718864e+02 4.891357005252772865e+02 2.962020355224609602e+02 4.496381985921501609e+02 9.893789074707032114e+02 5.679431278189432533e+02 5.520968359375000318e+02 7.621836756993008066e+02
3.996906097412109489e+02 4.891442246160409582e+02 2.961995910644531591e+02 4.496381985921501609e+02 9.894498168945312955e+02 5.679168292173404780e+02 5.518335498046875500e+02 7.618364155375874134e+02
3.996906097412109489e+02 4.891442246160409582e+02 2.961606170654296761e+02 4.496549718030076406e+02 9.894498168945312955e+02 5.679168292173404780e+02 5.517222265625000546e+02 7.614373224431818699e+02
3.996906097412109489e+02 4.891442246160409582e+02 2.961346618652343636e+02 4.496792242160835826e+02 9.894498168945312955e+02 5.678127391067976077e+02 5.516120312500000864e+02 7.614317908653846416e+02
3.996638854980469091e+02 4.891442246160409582e+02 2.961071685791015966e+02 4.496792242160835826e+02 9.893476647949219114e+02 5.678064405303640569e+02 5.515974707031250546e+02 7.614317908653846416e+02
3.996471588134765511e+02 4.891317409476322382e+02 2.961071685791015966e+02 4.496792242160835826e+02 9.890699157714844887e+02 5.675275853737113039e+02 5.513357910156250909e+02 7.614373224431818699e+02
3.995921997070312841e+02 4.891005592736774474e+02 2.961071685791015966e+02 4.494208342776770451e+02 9.889888647460937818e+02 5.672646811573774812e+02 5.499495996093750136e+02 7.614466100305944565e+02
3.986441619873046989e+02 4.891005592736774474e+02 2.962820159912109261e+02 4.476028107001919807e+02 9.887746643066407159e+02 5.668029627849145982e+02 5.476987988281250637e+02 7.622987461756993071e+02
3.980883636474609375e+02 4.878970676461177050e+02 2.963972351074218636e+02 4.462208631079351449e+02 9.877176477050782069e+02 5.648574388641671931e+02 5.455714892578125728e+02 7.622987461756993071e+02
3.976642913818359375e+02 4.876909496320392350e+02 2.969111480712890625e+02 4.461726882465870290e+02 9.863166345214843886e+02 5.629300744754751804e+02 5.417504736328126000e+02 7.616754534527972282e+02
3.976316345214843864e+02 4.876909496320392350e+02 2.982902893066406591e+02 4.455633257452538487e+02 9.810192016601563409e+02 5.579142399424130190e+02 5.394474462890625546e+02 7.623343258304196297e+02
3.970638061523437727e+02 4.876862751306526889e+02 2.984139129638671761e+02 4.450799548048208294e+02 9.808979113769531750e+02 5.565631543975515569e+02 5.365336279296875546e+02 7.623343258304196297e+02
3.963431579589843636e+02 4.874944005972695891e+02 3.016172515869140511e+02 4.439177912689312961e+02 9.786694580078125227e+02 5.484781544478897786e+02 5.323460009765625500e+02 7.626772836538461888e+02
3.928841674804687614e+02 4.874944005972695891e+02 3.025857513427734489e+02 4.433624880012798712e+02 9.780271838378906750e+02 5.380342149242911773e+02 5.262262988281250955e+02 7.632989373907342951e+02
3.910927642822265966e+02 4.874944005972695891e+02 3.026258239746093750e+02 4.430084907609854667e+02 9.779527575683594023e+02 5.359426785498550316e+02 5.185013818359375364e+02 7.639843067089161650e+02
3.890268951416015852e+02 4.864077715043728745e+02 3.026258239746093750e+02 4.427687988281250000e+02 9.765722729492188137e+02 5.290520359314593861e+02 5.131974804687500864e+02 7.639843067089161650e+02
3.874495330810547102e+02 4.857565859641638326e+02 3.025857513427734489e+02 4.425208577751706116e+02 9.763417968750001137e+02 5.257829929627093861e+02 5.044451220703125500e+02 7.638103010270979212e+02
3.837999023437500341e+02 4.857019767891424635e+02 3.015140899658203466e+02 4.423980558740400966e+02 9.762663891601563364e+02 5.244117437932908388e+02 4.961604101562500659e+02 7.638103010270979212e+02
3.779740997314453352e+02 4.852959001039889131e+02 2.986427307128906250e+02 4.418432475535942672e+02 9.762663891601563364e+02 5.244117437932908388e+02 4.862417724609375682e+02 7.638720361669580825e+02
3.733465484619140966e+02 4.840687609988268036e+02 2.947145141601562841e+02 4.418432475535942672e+02 9.762663891601563364e+02 5.244117437932908388e+02 4.780937451171875523e+02 7.638103010270979212e+02
3.695960906982422216e+02 4.840687609988268036e+02 2.888201843261718977e+02 4.409727179100895569e+02 9.765421752929688637e+02 5.268391497110583259e+02 4.700313037109375500e+02 7.638720361669580825e+02
3.637909423828124886e+02 4.840687609988268036e+02 2.840426422119140852e+02 4.409727179100895569e+02 9.788017895507813364e+02 5.292203388017477437e+02 4.631029101562500614e+02 7.641174060314685903e+02
3.589225158691406250e+02 4.841920028530290097e+02 2.776915832519531477e+02 4.419088830524743798e+02 9.799771520996093841e+02 5.364999389648437500e+02 4.566922705078125659e+02 7.643984921328672044e+02
3.553399566650390966e+02 4.842392428140998391e+02 2.715541259765624886e+02 4.419261787076044925e+02 9.826322888183594841e+02 5.449201131604380635e+02 4.502649511718750546e+02 7.660396634615385665e+02
3.509316101074218750e+02 4.865876573165529067e+02 2.673959106445312841e+02 4.419261787076044925e+02 9.870188586425781523e+02 5.473032245439352437e+02 4.464081494140625637e+02 7.669652808129370669e+02
3.483884124755859375e+02 4.874020654463523670e+02 2.648300262451172102e+02 4.446215786982721738e+02 9.903510290527344750e+02 5.509335767608328069e+02 4.458520800781250273e+02 7.682591236888112007e+02
3.471728027343750114e+02 4.880008415768984378e+02 2.610015930175781591e+02 4.474744543915315376e+02 9.941195336914063319e+02 5.572973066506925761e+02 4.448839062500000523e+02 7.683095907998252869e+02
3.464293853759765511e+02 4.880278436966723348e+02 2.610015930175781591e+02 4.479261762078711513e+02 9.962200720214843841e+02 5.572973066506925761e+02 4.448548535156250523e+02 7.692472956730770193e+02
3.464293853759765511e+02 4.880555057460537114e+02 2.610015930175781591e+02 4.479526008892384539e+02 9.962200720214843841e+02 5.572973066506925761e+02 4.448548535156250523e+02 7.704621257648601613e+02
3.464293853759765511e+02 4.883687523330844442e+02 2.622085510253906477e+02 4.480465858641744603e+02 9.962200720214843841e+02 5.564627861730830318e+02 4.448548535156250523e+02 7.707535921110140862e+02
3.478679626464843864e+02 4.886571415715656599e+02 2.641240722656249886e+02 4.495345346496373509e+02 9.962200720214843841e+02 5.555544414716897563e+02 4.467689160156250523e+02 7.708172394012237874e+02
3.501091461181640625e+02 4.888813526557166824e+02 2.658484039306640625e+02 4.496224977669048712e+02 9.965621057128906841e+02 5.520239666810969084e+02 4.476699609375000364e+02 7.711334271197553107e+02
3.512712249755859375e+02 4.895415022397610869e+02 2.663597076416015739e+02 4.496437804967470129e+02 9.961235632324219296e+02 5.510849879943217502e+02 4.482030957031250296e+02 7.721331402972028854e+02
3.521206878662109716e+02 4.898253819592576406e+02 2.684958618164062614e+02 4.497814583111134539e+02 9.959620336914063046e+02 5.486257210957635380e+02 4.493906005859375341e+02 7.730774011145105078e+02
3.531442565917968750e+02 4.898253819592576406e+02 2.704939178466797216e+02 4.504890128386305150e+02 9.965621057128906841e+02 5.477928366120328292e+02 4.508748876953125659e+02 7.740267154720280587e+02
3.552508026123047102e+02 4.902251893131399356e+02 2.733444580078125341e+02 4.511414632439206116e+02 9.981216223144531341e+02 5.428562659824017373e+02 4.532453857421875227e+02 7.753703425480770193e+02
3.569785675048828466e+02 4.902251893131399356e+02 2.779594848632812614e+02 4.511425906236668197e+02 9.952943237304688182e+02 5.352191193570795349e+02 4.560269628906250432e+02 7.759509533435315234e+02
3.585683715820312614e+02 4.905212777303754024e+02 2.825460571289062841e+02 4.512069337603988970e+02 9.981407604980469159e+02 5.263643842874113261e+02 4.573527929687500659e+02 7.762892673732518460e+02
3.629674072265625000e+02 4.905212777303754024e+02 2.868616790771484375e+02 4.520230192112841223e+02 9.985240966796875455e+02 5.226554225646342502e+02 4.591710156250000523e+02 7.776339188155594684e+02
3.664461730957031591e+02 4.911569549248080193e+02 2.926671569824218864e+02 4.520379226215870290e+02 9.981407604980469159e+02 5.141912401336984431e+02 4.609338330078125523e+02 7.791954627403846416e+02
3.683189300537109716e+02 4.924887478668941867e+02 2.970729766845703352e+02 4.521734006705951288e+02 9.985240966796875455e+02 5.058302071168250222e+02 4.634092968750000523e+02 7.802712521853147791e+02
3.707893157958984602e+02 4.925854825485281481e+02 3.011877410888671989e+02 4.530185780183446695e+02 9.997136901855469659e+02 5.010448432214481045e+02 4.658534521484375546e+02 7.803671328671329093e+02
3.739137176513672216e+02 4.929324405396757243e+02 3.080084106445312386e+02 4.539235339897077779e+02 9.987340441894531295e+02 4.919127662894651962e+02 4.694840869140625728e+02 7.815670755026224015e+02
3.785385223388672102e+02 4.935623983441765859e+02 3.132724548339843977e+02 4.547306553967576406e+02 1.000499010009765698e+03 4.841147196661565317e+02 4.749177343750000659e+02 7.816404201267482676e+02
3.818535644531249886e+02 4.938872486934726567e+02 3.199336578369140511e+02 4.552829064899743798e+02 1.000499010009765698e+03 4.793248976874596678e+02 4.785251953125000455e+02 7.821939193618882200e+02
3.850033996582031364e+02 4.941440712990614088e+02 3.261760620117187841e+02 4.552924479722162800e+02 9.987340441894531295e+02 4.694537605206990634e+02 4.819997314453125341e+02 7.831584626311189368e+02
3.884703277587890966e+02 4.941827871693685665e+02 3.313496337890625227e+02 4.553385330564739775e+02 9.960043176269531386e+02 4.623077392578124432e+02 4.863513183593750568e+02 7.831584626311189368e+02
3.937985321044922102e+02 4.941827871693685665e+02 3.364441040039062614e+02 4.553385330564739775e+02 9.906062866210937727e+02 4.580575089602126013e+02 4.932417724609375682e+02 7.831584626311189368e+02
3.965348693847656136e+02 4.941440712990614088e+02 3.412512268066406591e+02 4.553385330564739775e+02 9.876311987304687818e+02 4.491540621728012184e+02 4.970215673828125205e+02 7.827122486888112007e+02
3.994835449218750227e+02 4.939372933553754024e+02 3.453680236816406364e+02 4.534059841950191867e+02 9.855685278320313500e+02 4.434471020256120823e+02 4.998866113281250705e+02 7.814587658435315234e+02
4.011512695312500227e+02 4.906508989041169002e+02 3.489710723876953011e+02 4.494292758772397747e+02 9.819954125976563546e+02 4.422521720964883798e+02 5.014369677734375728e+02 7.796879097465035784e+02
4.023288116455078125e+02 4.900095023197525279e+02 3.513225585937499886e+02 4.478733543422034700e+02 9.778127380371093977e+02 4.389208795606475064e+02 5.031064746093750273e+02 7.785973694274475747e+02
4.028427246093750114e+02 4.884395297834897178e+02 3.529924255371093977e+02 4.467051964457124313e+02 9.757477770996093795e+02 4.372183007309117215e+02 5.037424560546875227e+02 7.758118444055944565e+02
4.040673980712890625e+02 4.877297204964803541e+02 3.547918212890625114e+02 4.422999188419901770e+02 9.750720520019532387e+02 4.363185449973823893e+02 5.059649560546875477e+02 7.722703370847902988e+02
4.048269927978515739e+02 4.865324432060580193e+02 3.547918212890625114e+02 4.405307850495946695e+02 9.729865625000001046e+02 4.363185449973823893e+02 5.066428076171875432e+02 7.702292531687063502e+02
4.048269927978515739e+02 4.837644234614974152e+02 3.547918212890625114e+02 4.390456134678967715e+02 9.674475305175782296e+02 4.363185449973823893e+02 5.066428076171875432e+02 7.667029747596154721e+02
4.048269927978515739e+02 4.816602929020904185e+02 3.543993621826172102e+02 4.351925594603242189e+02 9.647268823242187636e+02 4.406156465196117438e+02 5.066428076171875432e+02 7.619745001092658185e+02
4.040358673095703352e+02 4.798838173928114088e+02 3.480098785400390966e+02 4.320233575085323992e+02 9.628991857910157250e+02 4.472662888359777185e+02 5.064078564453125750e+02 7.584786112325175509e+02
4.002705780029297102e+02 4.773818592683446695e+02 3.423044036865234716e+02 4.290897779236881320e+02 9.585997192382812955e+02 4.623592730649967280e+02 5.030326806640625250e+02 7.518157233391608543e+02
3.950890960693359375e+02 4.751119763891851449e+02 3.278246154785156250e+02 4.263937455004799517e+02 9.549647729492188546e+02 4.815381111066365634e+02 4.995918115234375705e+02 7.457445776879370669e+02
3.873131927490234716e+02 4.689276660489547908e+02 3.130659118652343977e+02 4.174075115321032285e+02 9.512120532226563228e+02 5.030040276910840475e+02 4.913246679687500205e+02 7.355902398382867204e+02
3.775833984375000227e+02 4.635033196459044120e+02 2.964286560058594091e+02 4.097607696845669807e+02 9.416715869140625728e+02 5.259484328437097247e+02 4.821188476562500682e+02 7.237481561407342951e+02
3.689100494384765625e+02 4.589507952485068358e+02 2.795397308349609489e+02 4.003129149557380515e+02 9.367108715820313591e+02 5.529010638994039937e+02 4.743621777343750523e+02 7.168731561407342951e+02
3.589962066650390966e+02 4.523540564006505633e+02 2.599951904296875114e+02 3.936136670421821577e+02 9.156991088867188182e+02 5.849875664465205318e+02 4.630776855468750455e+02 7.050035511363637397e+02
3.457708374023437727e+02 4.433538264251812961e+02 2.387193145751953125e+02 3.812866769211283895e+02 9.083426855468750318e+02 6.155909996425982627e+02 4.470107373046875523e+02 6.899876393138112007e+02
3.310868957519531364e+02 4.331608286782742994e+02 2.200216140747070312e+02 3.661179749160089614e+02 8.896899902343750455e+02 6.524132954705621614e+02 4.365090283203125523e+02 6.779802229020979212e+02
3.205673767089843977e+02 4.242847479602175440e+02 1.947467285156249943e+02 3.502617912422674635e+02 8.688716540527344705e+02 6.862749740757892596e+02 4.198373046875000227e+02 6.584779283216784052e+02
3.055701324462890511e+02 4.110062493334044120e+02 1.805752578735351506e+02 3.301658623080204507e+02 8.475257092285156659e+02 7.151626995912531584e+02 4.033452294921875136e+02 6.413727190777972282e+02
2.923878570556640852e+02 3.972055814046501609e+02 1.507148162841797046e+02 3.069068632679180837e+02 7.940986071777343795e+02 7.616809585413981267e+02 3.829595068359375318e+02 6.246758905157342951e+02
2.794831787109375227e+02 3.831431139011838809e+02 1.429598144531250057e+02 2.685805164115827779e+02 7.659074902343750182e+02 7.849504356777543990e+02 3.647172607421875341e+02 6.073451841127622401e+02
2.668856231689453011e+02 3.717842405143451288e+02 1.122012680053710909e+02 2.483477620720456400e+02 7.485491577148437727e+02 8.209178429043168990e+02 3.491139257812500318e+02 5.911634069055944565e+02
2.543824127197265739e+02 3.572449738694539292e+02 8.923758316040039062e+01 2.397027667048847945e+02 7.411339294433594205e+02 8.541222200688627026e+02 3.358135839843750432e+02 5.763755190122377599e+02
2.450052246093750057e+02 3.471012233695072382e+02 7.609240036010741903e+01 2.307686396784342833e+02 7.128819628906250045e+02 8.853095803801545571e+02 3.323318017578125136e+02 5.640227204436189368e+02
2.418202606201171818e+02 3.402691096283062961e+02 6.467941818237305540e+01 2.184668368707337720e+02 6.951568151855468614e+02 9.008668187721488039e+02 3.323318017578125136e+02 5.530075051901224015e+02
2.418202606201171818e+02 3.382172509932273670e+02 6.143397445678711222e+01 2.137446280730055435e+02 6.886508959960938228e+02 9.153851192513691331e+02 3.323318017578125136e+02 5.503143780048077360e+02
2.418202606201171818e+02 3.374649312406676245e+02 6.143397445678711222e+01 2.136017808100469324e+02 6.886508959960938228e+02 9.153851192513691331e+02 3.389481689453125455e+02 5.490345006555944565e+02
2.443539276123046875e+02 3.371385685526877296e+02 6.143397445678711222e+01 2.131956766278263444e+02 6.883441943359375728e+02 9.153851192513691331e+02 3.439397363281250364e+02 5.471877390187937635e+02
2.486776519775390568e+02 3.371385685526877296e+02 6.345735397338867045e+01 2.131956766278263444e+02 6.883441943359375728e+02 9.133278569486951710e+02 3.505243847656250296e+02 5.457111492023601613e+02
2.536642639160156421e+02 3.339012838630545730e+02 7.527925415039062784e+01 2.101585568372706803e+02 6.883441943359375728e+02 9.125252383517234875e+02 3.579564501953125273e+02 5.402073658763112007e+02
2.581675048828125227e+02 3.281398234188353058e+02 8.292444763183594603e+01 2.052383279116894244e+02 6.778037170410157159e+02 9.107253996858891014e+02 3.666657421875000296e+02 5.348261991914336022e+02
2.638516113281249886e+02 3.278793712004052736e+02 1.002112701416015597e+02 1.984925687093376609e+02 6.616514990234375091e+02 8.989352825990656584e+02 3.666657421875000296e+02 5.327216387128496535e+02
2.740441223144531477e+02 3.274457424541382125e+02 1.013021644592285213e+02 1.957311482608521658e+02 6.519318371582031659e+02 8.892419370670908165e+02 3.739883984375000523e+02 5.290247008850525390e+02
2.786473937988281477e+02 3.255156683287115698e+02 1.071673187255859432e+02 1.915358107635185547e+02 6.431849511718750136e+02 8.796684280867428924e+02 3.824532714843750227e+02 5.188642168378496535e+02
2.830342346191406477e+02 3.255156683287115698e+02 1.099612380981445341e+02 1.905588262252026368e+02 6.412661437988281250e+02 8.754240055674129053e+02 3.917228027343750227e+02 5.187594241695804840e+02
2.838696899414062500e+02 3.227461912396011030e+02 1.124451232910156335e+02 1.896523991607561754e+02 6.406236651611328625e+02 8.723827747462950128e+02 3.936600048828125296e+02 5.175448672421329093e+02
2.845122802734375114e+02 3.227461912396011030e+02 1.140285896301269588e+02 1.879756692619453986e+02 6.395139776611327989e+02 8.716893587407377026e+02 3.951569726562500477e+02 5.175448672421329093e+02
2.890781707763671875e+02 3.211066236268131320e+02 1.154412597656250057e+02 1.816492403310313648e+02 6.194855822753906978e+02 8.645956074822809114e+02 3.964983203125000273e+02 5.175448672421329093e+02
2.890781707763671875e+02 3.207680247440272865e+02 1.164747711181640710e+02 1.814317247826898267e+02 6.179598028564453216e+02 8.645956074822809114e+02 3.983865429687500637e+02 5.159868403081294446e+02
2.890781707763671875e+02 3.205843993307380515e+02 1.166495223999023523e+02 1.783918140398357366e+02 6.179598028564453216e+02 8.645956074822809114e+02 4.032137402343750523e+02 5.144400472574301375e+02
2.859970825195312614e+02 3.160663562553327779e+02 1.166495223999023523e+02 1.773160737854628906e+02 6.194855822753906978e+02 8.655278785941526394e+02 4.034604492187500568e+02 5.134363049060315234e+02
2.855479064941406477e+02 3.150102764038502414e+02 1.166495223999023523e+02 1.772330876373186754e+02 6.200541253662109966e+02 8.664074707031248863e+02 4.039541406250000364e+02 5.132723721590909918e+02
2.853540802001953125e+02 3.137928437633319163e+02 1.164171890258789119e+02 1.764927841030290097e+02 6.200573559570312909e+02 8.668738925579896204e+02 4.042592626953125432e+02 5.125360576923077360e+02
2.848594482421875114e+02 3.133311405116787682e+02 1.158326614379882784e+02 1.764852911522770853e+02 6.200573559570312909e+02 8.669186369905766014e+02 4.042592626953125432e+02 5.119478665865385096e+02
2.841903808593750114e+02 3.131804565846309742e+02 1.155365661621093807e+02 1.763142868927314453e+02 6.200573559570312909e+02 8.720518949842944494e+02 4.042592626953125432e+02 5.110576581621504033e+02
2.826931365966797216e+02 3.130510553874253219e+02 1.151097747802734403e+02 1.757582961984055032e+02 6.189311065673828125e+02 8.733910377738401394e+02 4.037454052734375409e+02 5.109382170563811769e+02
2.817539154052734602e+02 3.129658144797888326e+02 1.148621086120605526e+02 1.757297817399477253e+02 6.187284790039062727e+02 8.762480556841977659e+02 4.000404296875000227e+02 5.103905567089161082e+02
2.816164489746093977e+02 3.128782363214590418e+02 1.145612823486328153e+02 1.753183843723336111e+02 6.187210772705078625e+02 8.792340717119038800e+02 3.973063623046875250e+02 5.100276578889860275e+02
2.815374023437499886e+02 3.128782363214590418e+02 1.143586189270019560e+02 1.752010956331324678e+02 6.187210772705078625e+02 8.793046648477769622e+02 3.969672998046875136e+02 5.086810942963286948e+02
2.815078491210937841e+02 3.128729018904650161e+02 1.143538673400878878e+02 1.738974046934993680e+02 6.176049285888672102e+02 8.793046648477769622e+02 3.965374560546875387e+02 5.085365220716783483e+02
2.815078491210937841e+02 3.126650790582338004e+02 1.142985237121582003e+02 1.644268786329458010e+02 6.176049285888672102e+02 8.793046648477769622e+02 3.964200830078125364e+02 5.073659787478147223e+02
2.815078491210937841e+02 3.125472266291595247e+02 1.142929275512695284e+02 1.630039879079564855e+02 6.176780871582031978e+02 8.791867914888047153e+02 3.955298046875000182e+02 5.060055520651224015e+02
2.815374023437499886e+02 3.124877504732828584e+02 1.142929275512695284e+02 1.625184584477655676e+02 6.176049285888672102e+02 8.789313310446198102e+02 3.954620605468750227e+02 5.059158858719405885e+02
2.815078491210937841e+02 3.123193309380332607e+02 1.142929275512695284e+02 1.611633204958137640e+02 6.174830249023438000e+02 8.786298991724387406e+02 3.925332373046875318e+02 5.029910470388986141e+02
2.813303100585937386e+02 3.115029430194112479e+02 1.142929275512695284e+02 1.608643311380119485e+02 6.152733416748046693e+02 8.782696533203123863e+02 3.916946386718750546e+02 5.024882539335664546e+02
2.811854827880859489e+02 3.106829804820819163e+02 1.149833839416503878e+02 1.608643311380119485e+02 6.141802569580078170e+02 8.782696533203123863e+02 3.916360888671875387e+02 5.018940873579545610e+02
2.811854827880859489e+02 3.101955949698698873e+02 1.153780334472656222e+02 1.606103544788555837e+02 6.136951776123047466e+02 8.782696533203123863e+02 3.907260205078125637e+02 5.012108692089161082e+02
2.811854827880859489e+02 3.073905091790209099e+02 1.155673416137695284e+02 1.606103544788555837e+02 6.134340313720703080e+02 8.778465035035437722e+02 3.907260205078125637e+02 5.010819356424825628e+02
2.823953521728515739e+02 3.073905091790209099e+02 1.160343704223632812e+02 1.608643311380119485e+02 6.130172033691407023e+02 8.746490352669941331e+02 3.907260205078125637e+02 5.010819356424825628e+02
2.827196411132812841e+02 3.072657549861348230e+02 1.160395202636718750e+02 1.605172906556634018e+02 6.125817279052735103e+02 8.723232245691043545e+02 3.908352929687500250e+02 5.007959325830419743e+02
2.829099243164062614e+02 3.071792767104842028e+02 1.166123199462890625e+02 1.602744640571672221e+02 6.125430834960938000e+02 8.718016697205218861e+02 3.927463476562500091e+02 5.007959325830419743e+02
2.836022552490234716e+02 3.071792767104842028e+02 1.171367248535156307e+02 1.508874465890305032e+02 6.112657324218749864e+02 8.705935700406732849e+02 3.931523339843750477e+02 4.983039226398601613e+02
2.841408874511718636e+02 3.065223717803434056e+02 1.174290298461914119e+02 1.508874465890305032e+02 6.102524719238281250e+02 8.650102501308793990e+02 3.936605859375000591e+02 4.982838109156468818e+02
2.849828521728515511e+02 3.064599809353669002e+02 1.174290298461914119e+02 1.508874465890305032e+02 6.102524719238281250e+02 8.650102501308793990e+02 3.931523339843750477e+02 4.980431531359266160e+02
2.849905975341796989e+02 3.061420323498826974e+02 1.174290298461914119e+02 1.508313388238587720e+02 6.102524719238281250e+02 8.650102501308793990e+02 3.932045947265625614e+02 4.980431531359266160e+02
2.849905975341796989e+02 3.055329173221522865e+02 1.174290298461914119e+02 1.508313388238587720e+02 6.109781280517578352e+02 8.650705365053156584e+02 3.935403417968750546e+02 4.981139368444056572e+02
2.849828521728515511e+02 3.053591633559087200e+02 1.181784484863281222e+02 1.506230622900224034e+02 6.129113299560547148e+02 8.705227315057184114e+02 3.932113964843750296e+02 4.981139368444056572e+02
2.846717742919922216e+02 3.053570735788182446e+02 1.184129653930664148e+02 1.503238529556847141e+02 6.129906634521485103e+02 8.720384798344877026e+02 3.932113964843750296e+02 4.980209926791958424e+02
2.844929718017578466e+02 3.053282016584897747e+02 1.185806579589843750e+02 1.499830405590070370e+02 6.129906634521485103e+02 8.721775393141913355e+02 3.932741845703125136e+02 4.979765693291084290e+02
2.843858825683593636e+02 3.052828314979735183e+02 1.185962173461914091e+02 1.499314010672194968e+02 6.129906634521485103e+02 8.721858828829734875e+02 3.932955810546875455e+02 4.979765693291084290e+02
2.841754943847656136e+02 3.053282016584897747e+02 1.185962173461914091e+02 1.499181887265358455e+02 6.115147332763672239e+02 8.721858828829734875e+02 3.932955810546875455e+02 4.979765693291084290e+02
2.838864166259765511e+02 3.052361689753092833e+02 1.185962173461914091e+02 1.498707012918621899e+02 6.115083129882813182e+02 8.721775393141913355e+02 3.945075927734375227e+02 5.014053622159091219e+02
2.834140869140625227e+02 3.052016051621160386e+02 1.184164398193359347e+02 1.499029141058286996e+02 6.069935009765625864e+02 8.592938421190399367e+02 3.945394140625000432e+02 5.014386541193182438e+02
2.809543029785156136e+02 3.018871637025383734e+02 1.183941375732421903e+02 1.499029141058286996e+02 6.066571923828125819e+02 8.592938421190399367e+02 3.945394140625000432e+02 5.015599390843531751e+02
2.809543029785156136e+02 3.018871637025383734e+02 1.181246017456054744e+02 1.499029141058286996e+02 6.057624005126953080e+02 8.592938421190399367e+02 3.945394140625000432e+02 5.015842165646853346e+02
2.809543029785156136e+02 3.018871637025383734e+02 1.181246017456054744e+02 1.503915782316552736e+02 6.055553564453125546e+02 8.587870112153672153e+02 3.945075927734375227e+02 5.017753633085664546e+02
2.811818847656250000e+02 3.018871637025383734e+02 1.180915054321289119e+02 1.504784552147770853e+02 6.053434869384766444e+02 8.587870112153672153e+02 3.944967919921875250e+02 5.017753633085664546e+02
2.836663604736328352e+02 3.056307518864654185e+02 1.180915054321289119e+02 1.506159542982081803e+02 6.057624005126953080e+02 8.665808042545908165e+02 3.944520166015625477e+02 5.017753633085664546e+02
2.836663604736328352e+02 3.056307518864654185e+02 1.179727020263671875e+02 1.506159542982081803e+02 6.051296954345702943e+02 8.581607527585373418e+02 3.944520166015625477e+02 5.017258181271853346e+02
2.813515411376953352e+02 3.018790245707124313e+02 1.179727020263671875e+02 1.506159542982081803e+02 6.005660156250000909e+02 8.561542062661081900e+02 3.944012939453125455e+02 5.016699560205419743e+02
2.812967193603515739e+02 3.014724529383532285e+02 1.179727020263671875e+02 1.504483734235014936e+02 6.005660156250000909e+02 8.561542062661081900e+02 3.943530322265625614e+02 5.016570831512237874e+02
2.812967193603515739e+02 3.014563396571032285e+02 1.181031097412109432e+02 1.499150265638331803e+02 6.073651824951172102e+02 8.721916906612434559e+02 3.943243212890625387e+02 5.016570831512237874e+02
2.812543670654296761e+02 3.014265328364974152e+02 1.181473022460937585e+02 1.498979783823058938e+02 6.073651824951172102e+02 8.721916906612434559e+02 3.913014697265625159e+02 4.991765802556818699e+02
2.811203887939453239e+02 3.014023904116893959e+02 1.182032226562500057e+02 1.498181131512638729e+02 6.076598614501953080e+02 8.727489101763852659e+02 3.912905664062500364e+02 4.991765802556818699e+02
2.811107482910156250e+02 3.014023904116893959e+02 1.182334213256835938e+02 1.498177694379266143e+02 6.077027178955078170e+02 8.731870293371455318e+02 3.912016992187500364e+02 4.991765802556818699e+02
2.811054473876953352e+02 3.013764056833937843e+02 1.182408233642578210e+02 1.497977515731655274e+02 6.077027178955078170e+02 8.731870293371455318e+02 3.912905664062500364e+02 4.992534418706293877e+02
2.811107482910156250e+02 3.013015861641424635e+02 1.182408233642578210e+02 1.491477621553700885e+02 6.077027178955078170e+02 8.732623668552673735e+02 3.913014697265625159e+02 4.993602832714161082e+02
2.811203887939453239e+02 3.012931720616467715e+02 1.182408233642578210e+02 1.490397399277410386e+02 6.076319720458984648e+02 8.733031031028510824e+02 3.913737939453125136e+02 4.995462057473776554e+02
2.811812805175781591e+02 3.012904773490827779e+02 1.183266815185546932e+02 1.486885886338790499e+02 6.076005249023437500e+02 8.734659662934922153e+02 3.921977636718750091e+02 5.008254343312937635e+02
2.811812805175781591e+02 3.012904773490827779e+02 1.182220642089843778e+02 1.486379390365027575e+02 6.074475012207032023e+02 8.736042895759503608e+02 3.922136230468750568e+02 5.008612530048077360e+02
2.812525543212890966e+02 3.012491492574125118e+02 1.180850234985351648e+02 1.485372722742907285e+02 6.060752770996093659e+02 8.736821628845843861e+02 3.922705322265625227e+02 5.008612530048077360e+02
2.812111633300781364e+02 3.012491492574125118e+02 1.180753143310546847e+02 1.484873513491894244e+02 6.060444024658203261e+02 8.739478482905121837e+02 3.924107714843750614e+02 5.008612530048077360e+02
2.812111633300781364e+02 3.012491492574125118e+02 1.180753143310546847e+02 1.484873513491894244e+02 6.049016320800781159e+02 8.736821628845843861e+02 3.924314501953125500e+02 5.008612530048077360e+02
2.812111633300781364e+02 3.011062195032529871e+02 1.180172241210937472e+02 1.484873513491894244e+02 6.048986877441407159e+02 8.736821628845843861e+02 3.924403369140625273e+02 5.009076226507867773e+02
2.812111633300781364e+02 3.009778356975255633e+02 1.179110549926757869e+02 1.487098988607881722e+02 6.048986877441407159e+02 8.736527149947647786e+02 3.939971875000000523e+02 5.013446855878497104e+02
2.810306304931640966e+02 3.006863117934087200e+02 1.179018402099609375e+02 1.487409430494080596e+02 6.048986877441407159e+02 8.728611393564754053e+02 3.940640771484375477e+02 5.013898942854021357e+02
2.810271423339843864e+02 3.006520779450191867e+02 1.178872283935546932e+02 1.487528905250106561e+02 5.998832159423828898e+02 8.579794028370649812e+02 3.940640771484375477e+02 5.013898942854021357e+02
2.809860260009765511e+02 3.006420965097055955e+02 1.178776153564453182e+02 1.487649067432807044e+02 6.052813696289063046e+02 8.725553721005154557e+02 3.939971875000000523e+02 5.013446855878497104e+02
2.809860260009765511e+02 3.006420965097055955e+02 1.176646179199218807e+02 1.488494464757092430e+02 6.053606213378906205e+02 8.728611393564754053e+02 3.935077343750000409e+02 4.973604813155594684e+02
2.809860260009765511e+02 3.006520779450191867e+02 1.175204223632812557e+02 1.491435001099882527e+02 6.072911651611328807e+02 8.728611393564754053e+02 3.934934130859375614e+02 4.971651688155594684e+02
2.810078613281249886e+02 3.008972417942085826e+02 1.175204223632812557e+02 1.492840238707871094e+02 6.072911651611328807e+02 8.735233078789464116e+02 3.934663427734375318e+02 4.971651688155594684e+02
2.810216766357422102e+02 3.009290009065699678e+02 1.175204223632812557e+02 1.493128407969816465e+02 6.072911651611328807e+02 8.743623273397229241e+02 3.934934130859375614e+02 4.971651688155594684e+02
2.810776245117187386e+02 3.010277428740934056e+02 1.176788040161132898e+02 1.499581694619240579e+02 6.072911651611328807e+02 8.751718989106797153e+02 3.934663427734375318e+02 4.972800002731643758e+02
2.810776245117187386e+02 3.011312143371373509e+02 1.177234359741211023e+02 1.499581694619240579e+02 6.069929693603515943e+02 8.751718989106797153e+02 3.934147314453125546e+02 4.973603788789336022e+02
2.810933349609375114e+02 3.011405358428434056e+02 1.177420715332031307e+02 1.499581694619240579e+02 6.069929693603515943e+02 8.752002016047840698e+02 3.929313964843750568e+02 4.974583424388112007e+02
2.810933349609375114e+02 3.011405358428434056e+02 1.177580154418945284e+02 1.495954693999306642e+02 6.081780645751953216e+02 8.756209792304283610e+02 3.927649414062500455e+02 4.974583424388112007e+02
2.810661163330078125e+02 3.011405358428434056e+02 1.177580154418945284e+02 1.495534126359854952e+02 6.110990093994140580e+02 8.806114967582151394e+02 3.927063916015625296e+02 4.975146142919580825e+02
2.810629577636718750e+02 3.010896387718643155e+02 1.177580154418945284e+02 1.492862786302794404e+02 6.112688812255860284e+02 8.810203316285437722e+02 3.927063916015625296e+02 4.975146142919580825e+02
2.809965728759765966e+02 3.008236046488374313e+02 1.177277069091796875e+02 1.492862786302794404e+02 6.115761145019531568e+02 8.811405771786404557e+02 3.927063916015625296e+02 4.974583424388112007e+02
2.809627899169922216e+02 3.008236046488374313e+02 1.177277069091796875e+02 1.492862786302794404e+02 6.115761145019531568e+02 8.824631146303156584e+02 3.933578906250000387e+02 4.972319233500874702e+02
2.809248321533203239e+02 3.008236046488374313e+02 1.177277069091796875e+02 1.493177215263705193e+02 6.121299768066406841e+02 8.824631146303156584e+02 3.935395214843750296e+02 4.972319233500874702e+02
2.807999450683593636e+02 3.009379649504052736e+02 1.177025756835937500e+02 1.494090392858095129e+02 6.121933618164063091e+02 8.824820921593104686e+02 3.935932861328125227e+02 4.972319233500874702e+02
2.807999450683593636e+02 3.009955438086603863e+02 1.176917541503906222e+02 1.495525739754426127e+02 6.121933618164063091e+02 8.824631146303156584e+02 3.935935253906250182e+02 4.973503400895979212e+02
2.807999450683593636e+02 3.009955438086603863e+02 1.177501190185546847e+02 1.497664324138758616e+02 6.121933618164063091e+02 8.823859775189271204e+02 3.935935253906250182e+02 4.974445476398601613e+02
2.807999450683593636e+02 3.009379649504052736e+02 1.177546646118164091e+02 1.500531718283382929e+02 6.001269006347656614e+02 8.539990297297840698e+02 3.935935253906250182e+02 4.974445476398601613e+02
2.807999450683593636e+02 3.008185176914462318e+02 1.178916091918945312e+02 1.500555090790315660e+02 6.000567272949218705e+02 8.535699085353575128e+02 3.935028466796875364e+02 4.974471768465909349e+02
2.807110931396484261e+02 3.007939628106335022e+02 1.178992721557617216e+02 1.500703987408009823e+02 6.000567272949218705e+02 8.535699085353575128e+02 3.935028466796875364e+02 4.975372869318182438e+02
2.806624511718750341e+02 3.007920930100789292e+02 1.178992721557617216e+02 1.501036426947792108e+02 6.001269006347656614e+02 8.535699085353575128e+02 3.934737939453125364e+02 4.975372869318182438e+02
2.806624511718750341e+02 3.007773545821779067e+02 1.178916091918945312e+02 1.501036426947792108e+02 6.110955743408203489e+02 8.815965286726803924e+02 3.932802343750000205e+02 4.975618717220280018e+02
2.806624511718750341e+02 3.007743848989441062e+02 1.178152816772460909e+02 1.501036426947792108e+02 6.110955743408203489e+02 8.816829909491783610e+02 3.921041796875000500e+02 4.988778067635489606e+02
2.807235076904296989e+02 3.007013801861134539e+02 1.177996124267578182e+02 1.501495352995680435e+02 6.110955743408203489e+02 8.818549339058472469e+02 3.920349658203125500e+02 4.988778067635489606e+02
2.807235076904296989e+02 3.007013801861134539e+02 1.177996124267578182e+02 1.502824148757465821e+02 6.108534844970703261e+02 8.819851590186049179e+02 3.920058447265625432e+02 4.989075133850524821e+02
2.807638549804687500e+02 3.007013801861134539e+02 1.177996124267578182e+02 1.503365840976962318e+02 6.107470385742187773e+02 8.823076952118234431e+02 3.919507470703125591e+02 4.989075133850524821e+02
2.807235076904296989e+02 3.007410034596309742e+02 1.175551666259765682e+02 1.504790189046501609e+02 6.107470385742187773e+02 8.824493722817331900e+02 3.919507470703125591e+02 4.987933306927448029e+02
2.806688781738281477e+02 3.007518098069539292e+02 1.179347167968750085e+02 1.504790189046501609e+02 6.108534844970703261e+02 8.824493722817331900e+02 3.919507470703125591e+02 4.987933306927448029e+02
2.806605834960937500e+02 3.008564636438779871e+02 1.180232116699218778e+02 1.503589254646171014e+02 6.107794671630859966e+02 8.824493722817331900e+02 3.919893701171875477e+02 4.989075133850524821e+02
2.806405334472656250e+02 3.008592958417768841e+02 1.181134643554687500e+02 1.504649816519571175e+02 6.112780822753907159e+02 8.817867129610984875e+02 3.920092968750000182e+02 4.987933306927448029e+02
2.805508300781249886e+02 3.010888963510558938e+02 1.181504470825195341e+02 1.504459124360068074e+02 6.114528204345702989e+02 8.812540333541397786e+02 3.920199267578125273e+02 4.987933306927448029e+02
2.805070770263671989e+02 3.013586150810580193e+02 1.182039093017578182e+02 1.504459124360068074e+02 6.116724597167968795e+02 8.812540333541397786e+02 3.920199267578125273e+02 4.989327810861014427e+02
2.805070770263671989e+02 3.014423986441445891e+02 1.182097732543945341e+02 1.504649816519571175e+02 6.121276458740235284e+02 8.812540333541397786e+02 3.920199267578125273e+02 4.988982257976398955e+02
2.804885375976562614e+02 3.014982726842470129e+02 1.182324050903320369e+02 1.504919837717310145e+02 6.121276458740235284e+02 8.812540333541397786e+02 3.918162500000000250e+02 4.988982257976398955e+02
2.804765075683594091e+02 3.015321215736988165e+02 1.182324050903320369e+02 1.504985280736721336e+02 6.116724597167968795e+02 8.812959147974387406e+02 3.917804980468750387e+02 4.989238349541084290e+02
2.804765075683594091e+02 3.015276945459150966e+02 1.182097732543945341e+02 1.504985280736721336e+02 6.116724597167968795e+02 8.812981233891752026e+02 3.915992773437500318e+02 4.990951772836538680e+02
2.804765075683594091e+02 3.015224426061220129e+02 1.180308471679687585e+02 1.504919837717310145e+02 6.120022253417969296e+02 8.825561208823291963e+02 3.915992773437500318e+02 4.991863458806818699e+02
2.804765075683594091e+02 3.015276945459150966e+02 1.179942626953125000e+02 1.504474385232241787e+02 6.120022253417969296e+02 8.832633610361629053e+02 3.915834179687500409e+02 4.992061844405594684e+02
2.804836212158203352e+02 3.015276945459150966e+02 1.179572937011718778e+02 1.502817824432060547e+02 6.122433337402344478e+02 8.838851205098259243e+02 3.915834179687500409e+02 4.992061844405594684e+02
2.805403930664062386e+02 3.015224426061220129e+02 1.179405258178710909e+02 1.502699037102709099e+02 6.125823822021484375e+02 8.838851205098259243e+02 3.915992773437500318e+02 4.992061844405594684e+02
2.806152374267578011e+02 3.014979977135772060e+02 1.179572937011718778e+02 1.502699037102709099e+02 6.131998339843750045e+02 8.836991898054928924e+02 3.915834179687500409e+02 4.991707755135489606e+02
2.806823089599609489e+02 3.013976884132359260e+02 1.179572937011718778e+02 1.502817824432060547e+02 6.132569213867187727e+02 8.836991898054928924e+02 3.915817431640625159e+02 4.990051696350524821e+02
2.806823089599609489e+02 3.012906148344176245e+02 1.179233459472656307e+02 1.505069834217683535e+02 6.132569213867187727e+02 8.832082280424451710e+02 3.915730957031250341e+02 4.989214447661713621e+02
2.806152374267578011e+02 3.012722742907423026e+02 1.179563461303711023e+02 1.505069834217683535e+02 6.132569213867187727e+02 8.804910058090366647e+02 3.915817431640625159e+02 4.989149229676573896e+02
2.806132324218750114e+02 3.012713943845989775e+02 1.179652450561523409e+02 1.505069834217683535e+02 6.127037133789062864e+02 8.769928418975514433e+02 3.915817431640625159e+02 4.988871284965035215e+02
2.805760711669922216e+02 3.012665549008105472e+02 1.179563461303711023e+02 1.504688724869347141e+02 6.123698992919921693e+02 8.754617152263208482e+02 3.919014599609375296e+02 4.986576021634615472e+02
2.805621459960937614e+02 3.012192874426727940e+02 1.179548217773437528e+02 1.504688724869347141e+02 6.119033447265625227e+02 8.748505897128703737e+02 3.930898876953125409e+02 4.979198535839161082e+02
2.805621459960937614e+02 3.012071062420008616e+02 1.179548217773437528e+02 1.504688724869347141e+02 6.119033447265625227e+02 8.748505897128703737e+02 3.932476269531250637e+02 4.977573890952797342e+02
2.805098785400390966e+02 3.012071062420008616e+02 1.177282974243164091e+02 1.507915643164729147e+02 6.118715295410156614e+02 8.743291984636758798e+02 3.935210644531250637e+02 4.976593913898601613e+02
2.805098785400390966e+02 3.012192874426727940e+02 1.177096481323242188e+02 1.509809778623613568e+02 6.117450048828125091e+02 8.743291984636758798e+02 3.935210644531250637e+02 4.974211920891608543e+02
2.805098785400390966e+02 3.012282239894411191e+02 1.176870437622070398e+02 1.510190887971949678e+02 6.112899414062500227e+02 8.743539019712467280e+02 3.936920654296875455e+02 4.973253114073426673e+02
2.805951324462890852e+02 3.013065631332657972e+02 1.176726791381835966e+02 1.510243407369880515e+02 6.112850750732421830e+02 8.744675217461339116e+02 3.936991064453125091e+02 4.973121653736888561e+02
2.808516632080078352e+02 3.018056898930780676e+02 1.167216888427734460e+02 1.631181419815219726e+02 6.112850750732421830e+02 8.744675217461339116e+02 3.937155468750000296e+02 4.973052679742133364e+02
2.814143280029297216e+02 3.018056898930780676e+02 1.167204666137695312e+02 1.633496947825565258e+02 6.112899414062500227e+02 8.751691995207795571e+02 3.937155468750000296e+02 4.965878701376748836e+02
2.814261108398437727e+02 3.018056898930780676e+02 1.166213150024414062e+02 1.634612366347589614e+02 6.124775720214844341e+02 8.784487128503543545e+02 3.936920654296875455e+02 4.965878701376748836e+02
2.814356140136719091e+02 3.016955916368920612e+02 1.166213150024414062e+02 1.635111025657263042e+02 6.124775720214844341e+02 8.784487128503543545e+02 3.936513916015625227e+02 4.965878701376748836e+02
2.814261108398437727e+02 3.016738139598442672e+02 1.166018005371093835e+02 1.635117487468003219e+02 6.124775720214844341e+02 8.784487128503543545e+02 3.935804003906250159e+02 4.965878701376748836e+02
2.814143280029297216e+02 3.016177749373400161e+02 1.166018005371093835e+02 1.635111025657263042e+02 6.123031201171875182e+02 8.758218792787531584e+02 3.935659082031250477e+02 4.965878701376748836e+02
2.813592590332031591e+02 3.016277013785195891e+02 1.166018005371093835e+02 1.635371422881559340e+02 6.121354565429687682e+02 8.742799550479219306e+02 3.934292919921875296e+02 4.967366764095280018e+02
2.813592590332031591e+02 3.016277013785195891e+02 1.166093811035156307e+02 1.635371422881559340e+02 6.119586737060546966e+02 8.734319376208118229e+02 3.933537548828125523e+02 4.967366764095280018e+02
2.813592590332031591e+02 3.016277013785195891e+02 1.167132843017578097e+02 1.635062768304714211e+02 6.004277545166015670e+02 8.581785032921229686e+02 3.931669628906250296e+02 4.969811584899475747e+02
2.813636810302734261e+02 3.016765911636092028e+02 1.167321533203125057e+02 1.634644950371960306e+02 5.999233734130859830e+02 8.581785032921229686e+02 3.931507617187500614e+02 4.970214843750000568e+02
2.813636810302734261e+02 3.016843178394304346e+02 1.167654830932617216e+02 1.633365786816072784e+02 5.999233734130859830e+02 8.579463557607118673e+02 3.931507617187500614e+02 4.970311134178322163e+02
2.813636810302734261e+02 3.016843178394304346e+02 1.167654830932617216e+02 1.632932570525810547e+02 5.999233734130859830e+02 8.579463557607118673e+02 3.931507617187500614e+02 4.971698126092657617e+02
2.813553863525390852e+02 3.016935568539355472e+02 1.167832397460937557e+02 1.632932570525810547e+02 6.000629431152343614e+02 8.579463557607118673e+02 3.931271435546875637e+02 4.972956047858392026e+02
2.813553863525390852e+02 3.016935568539355472e+02 1.168039901733398409e+02 1.632858878386305435e+02 6.002893298339844250e+02 8.585344137604703292e+02 3.925185400390625432e+02 4.977521648273601613e+02
2.813383575439453352e+02 3.017443989307807328e+02 1.168143173217773523e+02 1.632858878386305435e+02 6.108758941650390852e+02 8.752375840649161773e+02 3.924140869140625227e+02 4.979365848994755765e+02
2.813383575439453352e+02 3.019067141171608455e+02 1.168143173217773523e+02 1.633269409596309742e+02 6.108783886718750864e+02 8.759822884785759243e+02 3.923199218750000341e+02 4.979365848994755765e+02
2.813835662841797216e+02 3.019248346843003219e+02 1.169129882812500085e+02 1.633849597709577495e+02 6.119091925048828671e+02 8.760458468407698547e+02 3.922452734375000318e+02 4.979365848994755765e+02
2.850444030761718750e+02 3.060225575938566180e+02 1.169314315795898409e+02 1.633849597709577495e+02 6.119091925048828671e+02 8.760458468407698547e+02 3.922452734375000318e+02 4.976980441433566966e+02
2.850140808105468864e+02 3.060225575938566180e+02 1.169381469726562557e+02 1.633849597709577495e+02 6.119091925048828671e+02 8.759822884785759243e+02 3.922452734375000318e+02 4.976980441433566966e+02
2.850140808105468864e+02 3.060444727562393155e+02 1.169381469726562557e+02 1.633785254572845531e+02 6.047930187988281432e+02 8.557327742429123418e+02 3.922769238281250637e+02 4.976980441433566966e+02
2.850140808105468864e+02 3.060444727562393155e+02 1.169362655639648523e+02 1.632497154470189855e+02 6.047930187988281432e+02 8.550915464420908165e+02 3.929308837890625341e+02 4.978081293706293877e+02
2.850140808105468864e+02 3.060444727562393155e+02 1.169362655639648523e+02 1.632217509299007929e+02 6.047930187988281432e+02 8.540518723320714116e+02 3.929589111328125455e+02 4.978081293706293877e+02
2.850140808105468864e+02 3.060655355095456116e+02 1.169436950683593750e+02 1.632217509299007929e+02 6.048123614501953398e+02 8.540518723320714116e+02 3.931396533203125614e+02 4.979089611560315234e+02
2.858294036865234489e+02 3.065688968176727940e+02 1.169535552978515653e+02 1.632497154470189855e+02 6.049931109619141125e+02 8.540518723320714116e+02 3.930503759765625205e+02 4.980108173076923208e+02
2.858823028564453352e+02 3.067703128332977940e+02 1.169535552978515653e+02 1.634493716503572784e+02 6.051405731201172102e+02 8.547566584950868673e+02 3.930503759765625205e+02 4.980858350633741907e+02
2.858827697753906136e+02 3.067739149490720933e+02 1.169535552978515653e+02 1.635155433420435145e+02 6.052155718994140443e+02 8.549548591535115065e+02 3.930512988281250273e+02 4.980858350633741907e+02
2.859983734130859716e+02 3.068010820512478745e+02 1.168254547119140625e+02 1.635155433420435145e+02 6.053908416748047330e+02 8.549594399363724051e+02 3.930512988281250273e+02 4.980858350633741907e+02
2.859983734130859716e+02 3.069659269677900966e+02 1.168084671020507841e+02 1.635155433420435145e+02 6.055624719238281841e+02 8.549594399363724051e+02 3.930503759765625205e+02 4.980519626857517892e+02
2.860119140625000114e+02 3.069659269677900966e+02 1.167579849243164034e+02 1.629870909602975644e+02 6.055624719238281841e+02 8.549548591535115065e+02 3.929740185546875182e+02 4.978002417504371238e+02
2.860119140625000114e+02 3.069912792635452092e+02 1.167579849243164034e+02 1.629808903716936754e+02 6.055624719238281841e+02 8.543605025773194939e+02 3.929503662109375455e+02 4.978002417504371238e+02
2.860119140625000114e+02 3.070064576445179227e+02 1.167579849243164034e+02 1.629424494720562961e+02 6.055624719238281841e+02 8.539653282558793990e+02 3.929011816406250546e+02 4.978002417504371238e+02
2.861500671386718864e+02 3.070550449618707489e+02 1.167735992431640710e+02 1.628030393424701288e+02 6.061062744140625682e+02 8.539653282558793990e+02 3.929011816406250546e+02 4.980948836319930706e+02
2.861705017089843750e+02 3.071157309886945086e+02 1.178102554321289119e+02 1.509616749213417108e+02 6.055217419433594159e+02 8.539653282558793990e+02 3.929011816406250546e+02 4.982268220061189368e+02
2.861758300781249886e+02 3.071256024357401770e+02 1.178102554321289119e+02 1.507930491580897865e+02 6.053715808105469023e+02 8.539653282558793990e+02 3.929737792968750227e+02 4.982570749562937635e+02
2.866970764160156477e+02 3.073298231521970933e+02 1.178102554321289119e+02 1.507930491580897865e+02 6.053715808105469023e+02 8.540297864147067912e+02 3.929765136718750114e+02 4.983047421328671476e+02
2.867252563476562841e+02 3.073954036569432446e+02 1.177679306030273523e+02 1.507764546781676529e+02 6.157058319091797784e+02 8.741073576937016014e+02 3.930131542968750296e+02 4.983721454326923208e+02
2.867804351806640852e+02 3.073954036569432446e+02 1.175406646728515625e+02 1.507505936866734260e+02 6.155866680908203534e+02 8.741073576937016014e+02 3.930928613281250250e+02 4.983721454326923208e+02
2.867804351806640852e+02 3.074257604188886148e+02 1.175382751464843807e+02 1.507221342223496094e+02 6.156220819091797694e+02 8.783920256624516014e+02 3.932916503906250227e+02 4.983721454326923208e+02
2.867804351806640852e+02 3.074522950885238970e+02 1.174576629638671932e+02 1.506633867387478745e+02 6.156220819091797694e+02 8.801712508054123418e+02 3.933399804687500136e+02 4.980183293269230944e+02
2.867569793701172216e+02 3.074756950925234378e+02 1.174576629638671932e+02 1.506583960210910789e+02 6.156220819091797694e+02 8.811201272551545571e+02 3.935395214843750296e+02 4.979037027425699762e+02
2.867554962158203011e+02 3.074756950925234378e+02 1.174662597656249972e+02 1.506583960210910789e+02 6.156220819091797694e+02 8.811201272551545571e+02 3.935395214843750296e+02 4.978714693509615472e+02
2.867525299072265739e+02 3.074756950925234378e+02 1.174558776855468807e+02 1.506583960210910789e+02 6.156230224609375909e+02 8.806147687459729241e+02 3.935593457031250182e+02 4.978714693509615472e+02
2.867461853027343750e+02 3.074761900397290901e+02 1.174487915039062500e+02 1.506583960210910789e+02 6.156230224609375909e+02 8.806147687459729241e+02 3.935619775390625250e+02 4.979037027425699762e+02
2.867067718505859375e+02 3.074756950925234378e+02 1.173836425781250057e+02 1.506583960210910789e+02 6.156929504394531705e+02 8.807007402243073102e+02 3.935892187500000432e+02 4.983866231424825628e+02
2.867056457519531136e+02 3.074705531409982768e+02 1.173836425781250057e+02 1.506561550101322382e+02 6.159652606201171920e+02 8.807007402243073102e+02 3.935892187500000432e+02 4.983924620301573896e+02
2.866835906982421989e+02 3.074605167115507811e+02 1.173836425781250057e+02 1.505882647517597945e+02 6.156236358642578352e+02 8.837118687580540382e+02 3.938352099609375614e+02 4.985317075502622970e+02
2.866414581298828352e+02 3.074605167115507811e+02 1.174264617919921960e+02 1.506561550101322382e+02 6.156236358642578352e+02 8.839477790753865065e+02 3.939461230468750159e+02 4.986721481643356810e+02
2.866129760742187500e+02 3.072035016264931642e+02 1.174635131835937472e+02 1.506723370340496899e+02 6.156236358642578352e+02 8.839477790753865065e+02 3.940014599609375523e+02 4.986721481643356810e+02
2.863472167968749886e+02 3.062436065153050322e+02 1.175473800659179773e+02 1.507620599636038889e+02 6.154964160156250728e+02 8.839477790753865065e+02 3.940089794921875637e+02 4.985317075502622970e+02
2.863423828125000341e+02 3.062436065153050322e+02 1.175473800659179773e+02 1.507875497446939050e+02 6.144406262207031659e+02 8.836074105488884243e+02 3.940425439453125591e+02 4.979654378824300807e+02
2.863423828125000341e+02 3.062436065153050322e+02 1.175750930786132784e+02 1.507875497446939050e+02 6.144130230712891034e+02 8.834516639316203737e+02 3.940089794921875637e+02 4.978974541083916279e+02
2.863472167968749886e+02 3.062567776103882125e+02 1.175473800659179773e+02 1.508641428247653664e+02 6.144130230712891034e+02 8.834516639316203737e+02 3.940089794921875637e+02 4.978488308566434171e+02
2.863570770263672216e+02 3.062639543448698873e+02 1.175473800659179773e+02 1.508673599816019646e+02 6.144406262207031659e+02 8.834516639316203737e+02 3.939467724609375523e+02 4.978488308566434171e+02
2.863632019042968864e+02 3.062777028783596052e+02 1.175859832763671875e+02 1.509764958404436754e+02 6.146831250000000182e+02 8.831792709507892596e+02 3.938495654296875159e+02 4.977588914991259230e+02
2.864021484374999886e+02 3.062639543448698873e+02 1.175927810668945312e+02 1.511414369967203584e+02 6.146831250000000182e+02 8.831792709507892596e+02 3.938495654296875159e+02 4.977588914991259230e+02
2.864629852294921761e+02 3.062567776103882125e+02 1.175859832763671875e+02 1.512442622786902575e+02 6.146831250000000182e+02 8.830278597173002026e+02 3.938427978515625227e+02 4.977588914991259230e+02
2.864936370849609375e+02 3.062449813686540097e+02 1.175927810668945312e+02 1.512864565279703584e+02 6.144661029052734875e+02 8.828857736489206900e+02 3.938495654296875159e+02 4.980076076267482676e+02
2.865220367431640511e+02 3.062449813686540097e+02 1.176438949584960909e+02 1.513383159962937157e+02 6.137643695068359193e+02 8.788018421291075128e+02 3.939167626953125136e+02 4.982863376857517892e+02
2.865220367431640511e+02 3.062449813686540097e+02 1.176797103881835938e+02 1.513494660569539292e+02 6.131846624755859239e+02 8.785003284572325128e+02 3.943882714843750250e+02 4.985645214160839487e+02
2.865220367431640511e+02 3.062555402423741384e+02 1.176870986938476591e+02 1.513494660569539292e+02 6.131177197265625409e+02 8.785003284572325128e+02 3.944439501953125387e+02 4.986446610030594684e+02
2.864240112304687500e+02 3.064089738761198873e+02 1.176870986938476591e+02 1.515189717263491787e+02 6.131177197265625409e+02 8.785003284572325128e+02 3.944573828125000432e+02 4.986681872814685903e+02
2.864190673828125000e+02 3.064089738761198873e+02 1.176907791137695369e+02 1.515189717263491787e+02 6.131177197265625409e+02 8.786750526034953737e+02 3.944678417968750637e+02 4.986924989073426673e+02
2.863345001220703239e+02 3.064089738761198873e+02 1.177211975097656307e+02 1.515189717263491787e+02 6.138700384521484921e+02 8.787409013571198102e+02 3.947730664062500523e+02 4.989998087849650688e+02
2.862139251708984489e+02 3.062725059327004828e+02 1.177409179687499972e+02 1.514686933393771255e+02 6.139247949218749909e+02 8.791609427855186141e+02 3.948061523437500568e+02 4.989998087849650688e+02
2.861755004882812727e+02 3.060031446645691062e+02 1.177211975097656307e+02 1.514686933393771255e+02 6.139247949218749909e+02 8.800035614328285192e+02 3.950201855468750409e+02 4.989998087849650688e+02
2.861666015625000341e+02 3.059869763891851449e+02 1.177211975097656307e+02 1.514686933393771255e+02 6.139247949218749909e+02 8.800322731254026394e+02 3.952175732421875409e+02 4.984984497923951494e+02
2.861580322265625114e+02 3.058188868187393155e+02 1.169397125244140625e+02 1.627502587224029469e+02 6.136042712402344250e+02 8.800035614328285192e+02 3.958068994140625136e+02 4.984984497923951494e+02
2.861156799316406136e+02 3.057369455591403380e+02 1.169397125244140625e+02 1.627502587224029469e+02 6.135829248046875364e+02 8.791893272793168990e+02 3.959370556640625409e+02 4.984787478146853346e+02
2.844153533935547102e+02 3.015207102909022865e+02 1.169397125244140625e+02 1.627502587224029469e+02 6.133991491699218841e+02 8.801248703789464116e+02 3.959425927734375250e+02 4.983704381555944565e+02
2.844153533935547102e+02 3.015207102909022865e+02 1.171504302978515710e+02 1.626226998286849437e+02 6.131459771728516444e+02 8.791893272793168990e+02 3.959425927734375250e+02 4.983067225743007498e+02
2.844153533935547102e+02 3.015207102909022865e+02 1.171592056274414091e+02 1.626142307320552334e+02 6.131459771728516444e+02 8.790961574279155002e+02 3.959370556640625409e+02 4.981611942744755765e+02
2.863141204833984261e+02 3.057187974949338809e+02 1.171756439208984375e+02 1.626081263831857768e+02 6.131459771728516444e+02 8.787941529578769178e+02 3.954350244140625250e+02 4.981611942744755765e+02
2.863141204833984261e+02 3.057187974949338809e+02 1.171890335083007812e+02 1.626081263831857768e+02 6.134851074218750000e+02 8.789461367892234875e+02 3.953986230468750591e+02 4.981611942744755765e+02
2.863499359130859716e+02 3.057675497946885343e+02 1.177749206542968778e+02 1.626226998286849437e+02 6.143899999999999864e+02 8.787941529578769178e+02 3.953986230468750591e+02 4.981602723448426673e+02
2.863499359130859716e+02 3.057642501466510225e+02 1.178152404785156335e+02 1.624421403383639131e+02 6.144459014892578352e+02 8.786081404538498418e+02 3.952620068359375409e+02 4.981602723448426673e+02
2.863499359130859716e+02 3.057642501466510225e+02 1.186428405761718778e+02 1.513844010805514131e+02 6.146065722656250045e+02 8.725069466817009243e+02 3.952620068359375409e+02 4.981602723448426673e+02
2.863539459228515511e+02 3.057675497946885343e+02 1.189614578247070398e+02 1.512534462990614372e+02 6.146065722656250045e+02 8.717281317956668545e+02 3.954127050781250432e+02 4.980545236013986141e+02
2.863953094482421875e+02 3.058408569752559742e+02 1.189710845947265625e+02 1.512280527577058535e+02 6.146065722656250045e+02 8.717281317956668545e+02 3.954127050781250432e+02 4.971772221918706691e+02
2.866357177734375341e+02 3.058427267758105472e+02 1.189710845947265625e+02 1.512280527577058535e+02 6.142795874023437364e+02 8.717281317956668545e+02 3.952515136718750455e+02 4.970157137784091219e+02
2.866357177734375341e+02 3.058427267758105472e+02 1.189614578247070398e+02 1.512534462990614372e+02 6.141330249023437773e+02 8.725239610180411773e+02 3.952515136718750455e+02 4.969995629370629899e+02
2.866372009277343977e+02 3.058483361774743798e+02 1.181015716552734460e+02 1.514918596183073873e+02 6.140246160888672193e+02 8.738702203809599496e+02 3.952515136718750455e+02 4.969995629370629899e+02
2.866357177734375341e+02 3.058483361774743798e+02 1.176733245849609375e+02 1.629713076438513042e+02 6.141119647216796693e+02 8.739233083823291963e+02 3.952515136718750455e+02 4.970157137784091219e+02
2.866331634521484375e+02 3.058576576831804346e+02 1.176715118408203153e+02 1.629713076438513042e+02 6.139871575927734284e+02 8.746348021202479686e+02 3.953318017578125136e+02 4.970610249125874702e+02
2.865659820556640511e+02 3.058674741360921416e+02 1.176680648803710909e+02 1.629846987154703584e+02 6.135466522216797784e+02 8.751080951494038800e+02 3.954622314453125114e+02 4.971534568946678405e+02
2.865659820556640511e+02 3.059388840190379710e+02 1.176677215576171847e+02 1.629846987154703584e+02 6.133039489746093977e+02 8.752384020618555951e+02 3.954773046875000659e+02 4.971534568946678405e+02
2.865654327392578011e+02 3.059388840190379710e+02 1.176677215576171847e+02 1.630084149357401770e+02 6.133039489746093977e+02 8.762147632087628608e+02 3.954773046875000659e+02 4.971534568946678405e+02
2.865655151367187727e+02 3.059388840190379710e+02 1.176680648803710909e+02 1.630123332677847543e+02 6.133039489746093977e+02 8.763247019974226077e+02 3.954773046875000659e+02 4.971907096809441100e+02
2.865654327392578011e+02 3.059378391304927618e+02 1.176749999999999972e+02 1.630155504246213809e+02 6.139418066406250318e+02 8.763888329574741647e+02 3.954113037109375455e+02 4.972137579217657617e+02
2.865655151367187727e+02 3.059378391304927618e+02 1.177230514526367244e+02 1.630307975482615177e+02 6.139571417236328443e+02 8.765588945211823102e+02 3.954113037109375455e+02 4.976874931708916279e+02
2.865654327392578011e+02 3.059376466510238970e+02 1.177238342285156278e+02 1.630307975482615177e+02 6.139571417236328443e+02 8.765588945211823102e+02 3.954113037109375455e+02 4.976874931708916279e+02
2.865655151367187727e+02 3.059376466510238970e+02 1.177238342285156278e+02 1.630307975482615177e+02 6.139418066406250318e+02 8.763247019974226077e+02 3.953981445312500114e+02 4.976874931708916279e+02
2.865662567138671761e+02 3.059376466510238970e+02 1.177230514526367244e+02 1.630300688759865579e+02 6.137776599121093568e+02 8.759821248791880635e+02 3.955012646484375409e+02 4.976874931708916279e+02
2.865662567138671761e+02 3.059376466510238970e+02 1.175365173339843778e+02 1.627125739921075080e+02 6.135597790527343705e+02 8.740518975012080318e+02 3.955903710937500364e+02 4.977322921219405885e+02
2.865653503417968864e+02 3.059371517038182446e+02 1.175082962036132841e+02 1.626249408396437559e+02 6.133196929931641534e+02 8.739570098562338671e+02 3.955513037109375318e+02 4.977322921219405885e+02
2.865495849609375227e+02 3.059133117467470129e+02 1.175082962036132841e+02 1.626247758572419002e+02 6.133196929931641534e+02 8.739570098562338671e+02 3.955513037109375318e+02 4.977322921219405885e+02
2.865445587158203011e+02 3.059109469989867875e+02 1.175082962036132841e+02 1.626182040582337720e+02 6.135597790527343705e+02 8.736423264336339116e+02 3.955513037109375318e+02 4.977322921219405885e+02
2.865445587158203011e+02 3.059109469989867875e+02 1.175090789794921875e+02 1.626134058200458696e+02 6.140524237060546966e+02 8.735467025914142596e+02 3.955513037109375318e+02 4.977154925152972282e+02
2.865445587158203011e+02 3.059109469989867875e+02 1.175111114501953153e+02 1.626094324938673026e+02 6.140524237060546966e+02 8.736423264336339116e+02 3.955257373046875387e+02 4.976367870410839487e+02
2.865513702392578352e+02 3.059084447658916019e+02 1.175171813964843750e+02 1.625897720909769646e+02 6.140524237060546966e+02 8.731562726522229241e+02 3.954329052734375409e+02 4.976122363964161082e+02
2.865514526367187500e+02 3.059083347776237360e+02 1.175288955688476591e+02 1.625722702078444968e+02 6.140524237060546966e+02 8.731562726522229241e+02 3.954488671875000136e+02 4.975928417285839487e+02
2.865524414062500114e+02 3.059083347776237360e+02 1.175298706054687585e+02 1.625716927694379308e+02 6.140524237060546966e+02 8.737475208400450128e+02 3.954753222656250387e+02 4.975928417285839487e+02
2.865523864746093636e+02 3.059080048128199678e+02 1.175298706054687585e+02 1.625716927694379308e+02 6.142370581054688046e+02 8.737475208400450128e+02 3.954488671875000136e+02 4.975928417285839487e+02
2.865524414062500114e+02 3.059083897717576974e+02 1.175294860839843807e+02 1.625722702078444968e+02 6.142883386230469114e+02 8.733424487556378608e+02 3.954488671875000136e+02 4.975928417285839487e+02
2.865523864746093636e+02 3.059078398304180837e+02 1.175288955688476591e+02 1.625722702078444968e+02 6.142883386230469114e+02 8.733424487556378608e+02 3.954488671875000136e+02 4.975928417285839487e+02
2.865523864746093636e+02 3.059075373626812961e+02 1.175288955688476591e+02 1.625716927694379308e+02 6.142883386230469114e+02 8.732423259302512406e+02 3.954440136718750409e+02 4.975835882867133364e+02
