3.288933380126953239e+02 3.673262785302900966e+02 1.564911666870117131e+02 2.734595959764291706e+02 8.144486303710938273e+02 7.348578573010630635e+02 3.015664599609375500e+02 2.025976381101808332e+00
3.288933380126953239e+02 3.673294956871266663e+02 1.564911666870117131e+02 2.734595959764291706e+02 8.144645788574218841e+02 7.348578573010630635e+02 3.015664599609375500e+02 2.092590065269203770e+00
3.288933380126953239e+02 3.673324103762265054e+02 1.564911666870117131e+02 2.734595959764291706e+02 8.145592883300781750e+02 7.348578573010630635e+02 3.015664599609375500e+02 2.092590065269203770e+00
3.288900146484375000e+02 3.673328228322312157e+02 1.564115020751953296e+02 2.733632462537329388e+02 8.145592883300781750e+02 7.348578573010630635e+02 3.015664599609375500e+02 2.090494916155621663e+00
3.288830108642578125e+02 3.673481936926727940e+02 1.563767852783203125e+02 2.733292323818792511e+02 8.145592883300781750e+02 7.348689820594394178e+02 3.015664599609375500e+02 2.090494916155621663e+00
3.288830108642578125e+02 3.673481936926727940e+02 1.563725830078124943e+02 2.733292323818792511e+02 8.144276928710937682e+02 7.348851783988401394e+02 3.017123388671875546e+02 2.022659195052994185e+00
3.288830108642578125e+02 3.673481936926727940e+02 1.563649063110351562e+02 2.733292323818792511e+02 8.144276928710937682e+02 7.359273882993717280e+02 3.017199951171875227e+02 2.022659195052994185e+00
3.288905914306640739e+02 3.673075805247440258e+02 1.563514343261718693e+02 2.733292323818792511e+02 8.144276928710937682e+02 7.371650994684277975e+02 3.017199951171875227e+02 2.018272293197525435e+00
3.288905914306640739e+02 3.672641076618493798e+02 1.563477539062500057e+02 2.733292323818792511e+02 8.150717663574218932e+02 7.387874327984052343e+02 3.017199951171875227e+02 2.018272293197525435e+00
3.288905914306640739e+02 3.672641076618493798e+02 1.563477539062500057e+02 2.733428159329671416e+02 8.164402282714844432e+02 7.387874327984052343e+02 3.016618896484375227e+02 2.018272293197525435e+00
3.288809234619140511e+02 3.672641076618493798e+02 1.563477539062500057e+02 2.733428159329671416e+02 8.180798962402344614e+02 7.387874327984052343e+02 3.016605908203125068e+02 2.022723484706212105e+00
3.288809234619140511e+02 3.673093128399637521e+02 2.364892822265624943e+02 3.276274980668728745e+02 8.208242626953125409e+02 7.379433417566043545e+02 3.016288720703125250e+02 2.022723484706212105e+00
3.288809234619140511e+02 3.673739034502985987e+02 2.381262176513671989e+02 3.326573165529010225e+02 8.243580383300782159e+02 7.371979011456990065e+02 3.016153369140625387e+02 2.049940416029283341e+00
3.922297119140625341e+02 4.238858755066125923e+02 2.381287719726562671e+02 3.352887033716403380e+02 8.287459985351563319e+02 7.349704136799290382e+02 3.013516748046875477e+02 2.103887171178431270e+00
3.922297119140625341e+02 4.273806427314419807e+02 2.392994201660156364e+02 3.398610256572632125e+02 8.357407592773438409e+02 7.303022687459729241e+02 3.013516748046875477e+02 2.121003424371039170e+00
3.934412841796875000e+02 4.278860663195925440e+02 2.429887664794921989e+02 3.418684765291702092e+02 8.409957446289063228e+02 7.246220161988562722e+02 3.012888525390625318e+02 2.252391735156932917e+00
3.934412841796875000e+02 4.288032034916275279e+02 2.449422180175781421e+02 3.445867540795648551e+02 8.503660119628906386e+02 7.176643796311210508e+02 3.012643457031250023e+02 2.269735536375245832e+00
3.934412841796875000e+02 4.299876946459044120e+02 2.462688720703125114e+02 3.537142954751492994e+02 8.567956237792968750e+02 7.083636726300740065e+02 3.013516748046875477e+02 2.307124104533162523e+00
3.966833221435546761e+02 4.336575631932593637e+02 2.493327117919921818e+02 3.544410429554180837e+02 8.685675695800781568e+02 6.927874567090849496e+02 3.013589550781250068e+02 2.321681042651196680e+00
4.003618743896484489e+02 4.386120947098975762e+02 2.572664337158203125e+02 3.620135702191765859e+02 8.763369360351563273e+02 6.921238975918170127e+02 5.975498046875001137e+02 6.701212166739511531e+02
4.023689117431640625e+02 4.424529675167981964e+02 2.608342163085937386e+02 3.685882564193152575e+02 8.774751672363281614e+02 6.777071105327802343e+02 5.999792968750000455e+02 6.767075502622377599e+02
4.037130889892578125e+02 4.463575510278903380e+02 2.668636505126953011e+02 3.729167072178967715e+02 8.891951782226562955e+02 6.684199413810807755e+02 5.999792968750000455e+02 6.817098038680070431e+02
4.065186126708984489e+02 4.484752926354522060e+02 2.739887512207031364e+02 3.805184088697205311e+02 8.983964733886718932e+02 6.547935438647712090e+02 5.999792968750000455e+02 6.866501857517482676e+02
4.114675415039062614e+02 4.517118349042768841e+02 2.764112915039062841e+02 3.837683422101642350e+02 9.054314733886719750e+02 6.456168860995892373e+02 6.014524414062500455e+02 6.912174251529720550e+02
4.128620910644531250e+02 4.550875123320179227e+02 2.822217681884765739e+02 3.899561446779010225e+02 9.122428674316406614e+02 6.337061553640463671e+02 6.014524414062500455e+02 6.976419088723777122e+02
4.129577270507812727e+02 4.574208034476322382e+02 2.889626220703125341e+02 3.974479130559406599e+02 9.201520080566406250e+02 6.272041430915753608e+02 6.014524414062500455e+02 7.027013221153846416e+02
4.152229705810547102e+02 4.603129449525383734e+02 2.927649627685547102e+02 3.975503671275063766e+02 9.259385278320313546e+02 6.163081784592460508e+02 6.014524414062500455e+02 7.076735276442308304e+02
4.172318756103515511e+02 4.640683293781996213e+02 3.027229156494140625e+02 4.002447497266958294e+02 9.266222680664062636e+02 5.977355170495731045e+02 5.994490332031250546e+02 7.132386363636363740e+02
4.178962738037109261e+02 4.651951041888864893e+02 3.076255371093749886e+02 4.039744243947312157e+02 9.303259155273437955e+02 5.921070028088755635e+02 5.982363378906250091e+02 7.161073399256993071e+02
4.203761077880859602e+02 4.687605388758532285e+02 3.102043579101562614e+02 4.077064363134599034e+02 9.379946838378906477e+02 5.839101826775934114e+02 5.973337890625000455e+02 7.185309222027972282e+02
4.204362579345703352e+02 4.689883795728455311e+02 3.140031280517578125e+02 4.093210640864974152e+02 9.416608728027343886e+02 5.737821126721568135e+02 5.955325878906251091e+02 7.234509533435315234e+02
4.208723876953125114e+02 4.705836494107294925e+02 3.143743011474609261e+02 4.143321570699125118e+02 9.479570898437500546e+02 5.708299617177432310e+02 5.954469335937500318e+02 7.251899175043706691e+02
4.214095916748046875e+02 4.717387462004052736e+02 3.161811401367187386e+02 4.160871573698805150e+02 9.480679113769531341e+02 5.678063178308231045e+02 5.931787011718751046e+02 7.265581976617133932e+02
4.214095916748046875e+02 4.725840060393558133e+02 3.179683959960937614e+02 4.170676752813033090e+02 9.490043737792968841e+02 5.623606259060888988e+02 5.894470996093750728e+02 7.272839953015734409e+02
4.214095916748046875e+02 4.736292245493813766e+02 3.180311004638671761e+02 4.183315229708830998e+02 9.490043737792968841e+02 5.591569408927995255e+02 5.880922167968750500e+02 7.305294607736014996e+02
4.210950531005859716e+02 4.744582061246800322e+02 3.190767791748046989e+02 4.197656324992000805e+02 9.491833239746093795e+02 5.568511302200788577e+02 5.863592382812501000e+02 7.323355550699301375e+02
4.208076782226562500e+02 4.749605775383959099e+02 3.202195220947265852e+02 4.213837798968110064e+02 9.505461425781250000e+02 5.530969332665512184e+02 5.836012792968750773e+02 7.340513685533217085e+02
4.205943511962890966e+02 4.752259792288822382e+02 3.218000976562499886e+02 4.234938223256185665e+02 9.542560876464843886e+02 5.512690782055411773e+02 5.822060644531250091e+02 7.357985276442308304e+02
4.200821960449218864e+02 4.756443196059086631e+02 3.218011688232422216e+02 4.243982833497760225e+02 9.543553771972657387e+02 5.482282563828930506e+02 5.806875976562500909e+02 7.366805752840909918e+02
4.200821960449218864e+02 4.763762915289035504e+02 3.229890655517578466e+02 4.244849541048954507e+02 9.549311584472657159e+02 5.465745937701352659e+02 5.806875976562500909e+02 7.380003687718532319e+02
4.200821960449218864e+02 4.766524170755119485e+02 3.237954895019531136e+02 4.251367995747120290e+02 9.550365820312500773e+02 5.451001133869602882e+02 5.806875976562500909e+02 7.391346836756993071e+02
4.206623565673828011e+02 4.779462640651663605e+02 3.249078002929687727e+02 4.256113714537115698e+02 9.564128955078125500e+02 5.439791712810083482e+02 5.805497851562500955e+02 7.396000191215035784e+02
4.206623565673828011e+02 4.786232418542022060e+02 3.251544708251953466e+02 4.259871738681206921e+02 9.573733215332032387e+02 5.437850197074338894e+02 5.798748730468751091e+02 7.397611860795454959e+02
4.206623565673828011e+02 4.789461674088096856e+02 3.251544708251953466e+02 4.261503414635772060e+02 9.578822009277344023e+02 5.437850197074338894e+02 5.798233300781250819e+02 7.425301846590909918e+02
4.193077423095703011e+02 4.790009965603669002e+02 3.249078002929687727e+02 4.271182932153903380e+02 9.580658947753906887e+02 5.437850197074338894e+02 5.771359179687500500e+02 7.430362898819930706e+02
4.170454376220703239e+02 4.794924791355588809e+02 3.225353302001953466e+02 4.274147665915635343e+02 9.585328991699219614e+02 5.456052673969071520e+02 5.728589794921875864e+02 7.431610576923077360e+02
4.148812683105468864e+02 4.808007895824445086e+02 3.173600555419922102e+02 4.296109573312180032e+02 9.596048010253906568e+02 5.484602812147631994e+02 5.702430029296875773e+02 7.449472109921329093e+02
4.110590972900390625e+02 4.808516591563566180e+02 3.150836883544922102e+02 4.299282184900276889e+02 9.629248669433594614e+02 5.504303041438465698e+02 5.663690771484375546e+02 7.450443209134615472e+02
4.095721801757812841e+02 4.830524694032636148e+02 3.102033691406250000e+02 4.316972697912222543e+02 9.637563146972656796e+02 5.566651995157458259e+02 5.635021875000001046e+02 7.485371366914336022e+02
4.066327606201172102e+02 4.848277900357294925e+02 3.066571472167968864e+02 4.337569925874573187e+02 9.669917309570313364e+02 5.621693373218024590e+02 5.590191796875000136e+02 7.515735631555944565e+02
4.036337402343750114e+02 4.862380596069752414e+02 3.039375091552734602e+02 4.383532373213523670e+02 9.709759899902344387e+02 5.649871322789142596e+02 5.563757568359375227e+02 7.531785402097902988e+02
4.024029144287109716e+02 4.864472572925554346e+02 3.029294036865234716e+02 4.405298501493173831e+02 9.722481884765625182e+02 5.657340043844635602e+02 5.548544873046876091e+02 7.542737926136363740e+02
4.010568969726562614e+02 4.884490437686646374e+02 2.990424407958984716e+02 4.406656031689952897e+02 9.760929187011719250e+02 5.687162985260953292e+02 5.543767236328125136e+02 7.579025759396853346e+02
4.008833404541015852e+02 4.886353089003839614e+02 2.981613647460937386e+02 4.432493650677261030e+02 9.799369128417969250e+02 5.687162985260953292e+02 5.543767236328125136e+02 7.589065231643356810e+02
4.006362030029296761e+02 4.889934856948592028e+02 2.978836578369140966e+02 4.438746758679073992e+02 9.874111096191406887e+02 5.692362582806458704e+02 5.543767236328125136e+02 7.600464379370630468e+02
4.004666839599609602e+02 4.898067389478455311e+02 2.975059478759765739e+02 4.445782708177794120e+02 9.913684606933594523e+02 5.690105320252093861e+02 5.547253906250000455e+02 7.601809713723777122e+02
4.004666839599609602e+02 4.902684696965656599e+02 2.972412322998047216e+02 4.445930367427474152e+02 9.926442578125000864e+02 5.688795298153592057e+02 5.550104833984376000e+02 7.603694547639860275e+02
4.004666839599609602e+02 4.904643588017278262e+02 2.972412322998047216e+02 4.446002409742960708e+02 9.926442578125000864e+02 5.688795298153592057e+02 5.554024218750000728e+02 7.614398492132867204e+02
4.005892089843750341e+02 4.904643588017278262e+02 2.972412322998047216e+02 4.449710389225149356e+02 9.926442578125000864e+02 5.689227200537612816e+02 5.560794531250001000e+02 7.614398492132867204e+02
4.008893280029296875e+02 4.904643588017278262e+02 2.972412322998047216e+02 4.454745927101109260e+02 9.913359094238281841e+02 5.689227200537612816e+02 5.561925195312500136e+02 7.614398492132867204e+02
4.009573333740234489e+02 4.904443959311006438e+02 2.972412322998047216e+02 4.454745927101109260e+02 9.913359094238281841e+02 5.689227200537612816e+02 5.562781738281250909e+02 7.615680998688811769e+02
4.009856506347656477e+02 4.903295131852602253e+02 2.973275024414062386e+02 4.456468893318045730e+02 9.910623315429687636e+02 5.691533133909873641e+02 5.563138232421875955e+02 7.615398956512237874e+02
4.009856506347656477e+02 4.903295131852602253e+02 2.973644989013671989e+02 4.456875299968003219e+02 9.910623315429687636e+02 5.691940087387241647e+02 5.564520800781250500e+02 7.615398956512237874e+02
4.009573333740234489e+02 4.903295131852602253e+02 2.972171447753906364e+02 4.458241079284875923e+02 9.910623315429687636e+02 5.691940087387241647e+02 5.564725537109375182e+02 7.615398956512237874e+02
4.009482147216796761e+02 4.904870163849189453e+02 2.972171447753906364e+02 4.458618064073165215e+02 9.910623315429687636e+02 5.691945404367347692e+02 5.565799462890626046e+02 7.615398956512237874e+02
4.009482147216796761e+02 4.904870163849189453e+02 2.966570068359375227e+02 4.511731398650810547e+02 9.910623315429687636e+02 5.691940087387241647e+02 5.566356933593750682e+02 7.613930015297203227e+02
4.009482147216796761e+02 4.904870163849189453e+02 2.966507995605468864e+02 4.517956184673634539e+02 9.909668041992188137e+02 5.691164217290189526e+02 5.567193310546875864e+02 7.613930015297203227e+02
4.009568664550781136e+02 4.900720856441979549e+02 2.966425872802734602e+02 4.520937141704884539e+02 9.911292333984375773e+02 5.690574850495328292e+02 5.567615429687500637e+02 7.613930015297203227e+02
4.009568664550781136e+02 4.900065326365187275e+02 2.966166046142578239e+02 4.521976805807380515e+02 9.911769970703126091e+02 5.690574850495328292e+02 5.567615429687500637e+02 7.614668924825175509e+02
4.009568664550781136e+02 4.900063676541169002e+02 2.966075408935546989e+02 4.522249301741147747e+02 9.911292333984375773e+02 5.690574850495328292e+02 5.567615429687500637e+02 7.614789800043706691e+02
4.009496978759765966e+02 4.899900893904650161e+02 2.965567565917968977e+02 4.521976805807380515e+02 9.911769970703126091e+02 5.690574850495328292e+02 5.567571679687500819e+02 7.615460418487763263e+02
4.009379425048828125e+02 4.899867347482934861e+02 2.964880645751953239e+02 4.522249301741147747e+02 9.912264782714844387e+02 5.691034564775289937e+02 5.566666259765625000e+02 7.615460418487763263e+02
4.009375579833984489e+02 4.896184390331698069e+02 2.964880645751953239e+02 4.521976805807380515e+02 9.916630578613281841e+02 5.691034564775289937e+02 5.565909521484375091e+02 7.614789800043706691e+02
4.009029510498046989e+02 4.896184390331698069e+02 2.964799346923828125e+02 4.522360389891744603e+02 9.917512243652344068e+02 5.691034564775289937e+02 5.565474755859376046e+02 7.614789800043706691e+02
4.009029510498046989e+02 4.896184390331698069e+02 2.964449981689453466e+02 4.522819040968963122e+02 9.921747998046876091e+02 5.690444379983488261e+02 5.564980517578125045e+02 7.614875846809441100e+02
4.009029510498046989e+02 4.897612038049274474e+02 2.964449981689453466e+02 4.524601675821245408e+02 9.922531518554687864e+02 5.690291005557345443e+02 5.564775439453125045e+02 7.614875846809441100e+02
4.009278625488281591e+02 4.902790835644198069e+02 2.965006164550781591e+02 4.524601675821245408e+02 9.922560144042969341e+02 5.689995299663739843e+02 5.564775439453125045e+02 7.615042477054196297e+02
4.009599151611328125e+02 4.902790835644198069e+02 2.966128417968749886e+02 4.524601675821245408e+02 9.922560144042969341e+02 5.689439879741864843e+02 5.564370751953125591e+02 7.615042477054196297e+02
4.009669189453125000e+02 4.903094953204991384e+02 2.967233367919922102e+02 4.521461785742853863e+02 9.922560144042969341e+02 5.688439469484937945e+02 5.564273339843750819e+02 7.614875846809441100e+02
4.009805694580078352e+02 4.903094953204991384e+02 2.967388549804687727e+02 4.518463505559406599e+02 9.921328430175782387e+02 5.688384254691526394e+02 5.563683056640625182e+02 7.615042477054196297e+02
4.010223999023437500e+02 4.903647094309940258e+02 2.967441009521484716e+02 4.517780203444965537e+02 9.920765734863281295e+02 5.688384254691526394e+02 5.563683056640625182e+02 7.615171547202797910e+02
4.010276184082031250e+02 4.903647094309940258e+02 2.968660491943359716e+02 4.517366097616254024e+02 9.920765734863281295e+02 5.687706135228736457e+02 5.563555224609375500e+02 7.616449273382867204e+02
4.010341827392578011e+02 4.903647094309940258e+02 2.968660491943359716e+02 4.517366097616254024e+02 9.921186938476563455e+02 5.686191204896906584e+02 5.562891113281250455e+02 7.617893629807692832e+02
4.010341827392578011e+02 4.903647094309940258e+02 2.968731628417968977e+02 4.517366097616254024e+02 9.921186938476563455e+02 5.685662778874033165e+02 5.562467626953125546e+02 7.618973994755244803e+02
4.010341827392578011e+02 4.903647094309940258e+02 2.968731628417968977e+02 4.518687056713950483e+02 9.922038342285156887e+02 5.684757665260550539e+02 5.562467626953125546e+02 7.619047749125874134e+02
4.009798828125000227e+02 4.904742577458404185e+02 2.968994201660156591e+02 4.518687056713950483e+02 9.922426831054688137e+02 5.684757665260550539e+02 5.562240673828125637e+02 7.619917777534965353e+02
4.009782073974609489e+02 4.904742577458404185e+02 2.969034301757812386e+02 4.518687056713950483e+02 9.923849926757812909e+02 5.684540078074661551e+02 5.562240673828125637e+02 7.620367132867133932e+02
4.009476928710937500e+02 4.904742577458404185e+02 2.969212554931640966e+02 4.513292132172568358e+02 9.924234326171875864e+02 5.684644372684439304e+02 5.562083105468750546e+02 7.620367132867133932e+02
4.009476928710937500e+02 4.903632245893771255e+02 2.969212554931640966e+02 4.512092435140251609e+02 9.926368969726563591e+02 5.684644372684439304e+02 5.561598095703125182e+02 7.620371230332168579e+02
4.009476928710937500e+02 4.901931827271757243e+02 2.969034301757812386e+02 4.512092435140251609e+02 9.928286059570313000e+02 5.684915947668330318e+02 5.561191015625000773e+02 7.620782342657342951e+02
4.009476928710937500e+02 4.901236701418515054e+02 2.968967285156250000e+02 4.511851835804180837e+02 9.928286059570313000e+02 5.685393248882489843e+02 5.561191015625000773e+02 7.620849950830420312e+02
4.009958404541015966e+02 4.901236701418515054e+02 2.968967285156250000e+02 4.511851835804180837e+02 9.926368969726563591e+02 5.685393248882489843e+02 5.561598095703125182e+02 7.620371230332168579e+02
4.009958404541015966e+02 4.901236701418515054e+02 2.968967285156250000e+02 4.512621203738268036e+02 9.925374438476562773e+02 5.685393248882489843e+02 5.561625781250000955e+02 7.620371230332168579e+02
4.009936981201171875e+02 4.902637402010452092e+02 2.970575683593750114e+02 4.512621203738268036e+02 9.925284472656250045e+02 5.685393248882489843e+02 5.561625781250000955e+02 7.619789390297203227e+02
4.009919677734375227e+02 4.903252786369453702e+02 2.970602325439453466e+02 4.512561260132252414e+02 9.920227575683594523e+02 5.685427195755476077e+02 5.561625781250000955e+02 7.619504616477273657e+02
4.009936981201171875e+02 4.905958497760238970e+02 2.970602325439453466e+02 4.512561260132252414e+02 9.920227575683594523e+02 5.685427195755476077e+02 5.560944238281250591e+02 7.619228037587413382e+02
4.009936981201171875e+02 4.906637125373293316e+02 2.970602325439453466e+02 4.510819870880439453e+02 9.920227575683594523e+02 5.687957669287612816e+02 5.559925683593750136e+02 7.619137210445804840e+02
4.010081176757812500e+02 4.908536072818899356e+02 2.969928039550781591e+02 4.507278523624146374e+02 9.921602416992187727e+02 5.688842332977609431e+02 5.559032226562500227e+02 7.618211183347902988e+02
4.010081176757812500e+02 4.908609215017064571e+02 2.969459747314453466e+02 4.505875073325511835e+02 9.928754699707031932e+02 5.688978120469555506e+02 5.559032226562500227e+02 7.618208451704546178e+02
4.010081176757812500e+02 4.909981868600682446e+02 2.969459747314453466e+02 4.505875073325511835e+02 9.930293933105468795e+02 5.688978120469555506e+02 5.559032226562500227e+02 7.618170208697553107e+02
4.009901824951172102e+02 4.910219993200724957e+02 2.969459747314453466e+02 4.505875073325511835e+02 9.930795288085938637e+02 5.688978120469555506e+02 5.559338818359375409e+02 7.616864483173077360e+02
4.009901824951172102e+02 4.913524590710323992e+02 2.970873962402343977e+02 4.508114434460323992e+02 9.932986364746094523e+02 5.687376073463675539e+02 5.559479638671875819e+02 7.616271716564685903e+02
4.009784271240234261e+02 4.913524590710323992e+02 2.971059906005859261e+02 4.511702251759812157e+02 9.933571142578125546e+02 5.686828424512725633e+02 5.560030273437500909e+02 7.615450857736014996e+02
4.009784271240234261e+02 4.913524590710323992e+02 2.971059906005859261e+02 4.512019567912755633e+02 9.934550134277344569e+02 5.686828424512725633e+02 5.560030273437500909e+02 7.614861505681818699e+02
4.008531005859375114e+02 4.912649634039035504e+02 2.971062103271484602e+02 4.512019567912755633e+02 9.934558312988282296e+02 5.686789978656571520e+02 5.559648828125000364e+02 7.614861505681818699e+02
4.008480194091796989e+02 4.912649634039035504e+02 2.971059906005859261e+02 4.512399302407742994e+02 9.935080932617188409e+02 5.686828424512725633e+02 5.559648828125000364e+02 7.615179059222028854e+02
4.008258544921874886e+02 4.912590790315699678e+02 2.970858856201172102e+02 4.512019567912755633e+02 9.935399902343750682e+02 5.686971573977125445e+02 5.558737939453125136e+02 7.614861505681818699e+02
4.007921813964844091e+02 4.912335067592790097e+02 2.970823974609375000e+02 4.511809490321032285e+02 9.937398779296875091e+02 5.687554805794941331e+02 5.557732373046875409e+02 7.614205228365385665e+02
4.007198089599609716e+02 4.912299871347055955e+02 2.970823974609375000e+02 4.511695102522397747e+02 9.937639233398438137e+02 5.688272598109293767e+02 5.557732373046875409e+02 7.614205228365385665e+02
4.006936065673828011e+02 4.912266874866680837e+02 2.969876953125000227e+02 4.511809490321032285e+02 9.937398779296875091e+02 5.689222292555975855e+02 5.557732373046875409e+02 7.614182692307692832e+02
4.006552368164062727e+02 4.911057553860921416e+02 2.969876953125000227e+02 4.511809490321032285e+02 9.935399902343750682e+02 5.689222292555975855e+02 5.557922753906250364e+02 7.614182692307692832e+02
4.006520233154296875e+02 4.910872773570819163e+02 2.969803894042968864e+02 4.512950068659342833e+02 9.933845129394532023e+02 5.689222292555975855e+02 5.558002734375000955e+02 7.614182692307692832e+02
4.006499633789062500e+02 4.910373426834470933e+02 2.969803894042968864e+02 4.513001213203924635e+02 9.933352770996094705e+02 5.688828018031168767e+02 5.558002734375000955e+02 7.616818045236014996e+02
4.006068145751953011e+02 4.910143001413182446e+02 2.969096649169921989e+02 4.514848191192939453e+02 9.933222729492188137e+02 5.685303269219152753e+02 5.558002734375000955e+02 7.618743853802448029e+02
4.006068145751953011e+02 4.909845483148463927e+02 2.969096649169921989e+02 4.514848191192939453e+02 9.933199829101563409e+02 5.684403881584245255e+02 5.556735351562500682e+02 7.618771853146853346e+02
4.006012939453125341e+02 4.909845483148463927e+02 2.968891204833984716e+02 4.516490865974295730e+02 9.933199829101563409e+02 5.683374432435969084e+02 5.556735351562500682e+02 7.619949191433566966e+02
4.005895935058593977e+02 4.909845483148463927e+02 2.968740692138671875e+02 4.516729540515678423e+02 9.929169360351562545e+02 5.677710621627335286e+02 5.556735351562500682e+02 7.619977190777972282e+02
4.005734436035156136e+02 4.911769727895691062e+02 2.968740692138671875e+02 4.517473061206804346e+02 9.928488891601563182e+02 5.676744567241864843e+02 5.557402880859375500e+02 7.619977190777972282e+02
4.005563873291015966e+02 4.913814959737628101e+02 2.969143615722656477e+02 4.517581399650703702e+02 9.928412011718750136e+02 5.676536387020779557e+02 5.557713232421875773e+02 7.619949191433566966e+02
4.005380950927734602e+02 4.916446978988907972e+02 2.969146911621093636e+02 4.517581399650703702e+02 9.927546704101563364e+02 5.676132705531168767e+02 5.557713232421875773e+02 7.619800999781468818e+02
4.004767913818359375e+02 4.917107458537755633e+02 2.969330932617187386e+02 4.517473061206804346e+02 9.927057617187500682e+02 5.673221045425257216e+02 5.557713232421875773e+02 7.619800999781468818e+02
4.004420196533203011e+02 4.917107458537755633e+02 2.969701171875000227e+02 4.516770236174808133e+02 9.926316625976562591e+02 5.672361330641913355e+02 5.557158154296876091e+02 7.619800999781468818e+02
4.004307861328125000e+02 4.916446978988907972e+02 2.970158477783203352e+02 4.516770236174808133e+02 9.926306811523437545e+02 5.670037401336984431e+02 5.557054248046875955e+02 7.619973776223777122e+02
4.004189483642578011e+02 4.916295745120520451e+02 2.970294433593750227e+02 4.516422123306846856e+02 9.925697497558594478e+02 5.668572777816929147e+02 5.557054248046875955e+02 7.622432255244756334e+02
4.003437469482421989e+02 4.915836544101962318e+02 2.970747619628906477e+02 4.516422123306846856e+02 9.922522521972656477e+02 5.665718377496777975e+02 5.557054248046875955e+02 7.623563155594406453e+02
4.002901885986328239e+02 4.913482245227175440e+02 2.970747619628906477e+02 4.514973302847695891e+02 9.913279760742187818e+02 5.665444348522067912e+02 5.557139013671875318e+02 7.624954244973777122e+02
4.002224029541015966e+02 4.909191052954351449e+02 2.970294433593750227e+02 4.514877338083937843e+02 9.900766333007812818e+02 5.664967865304847692e+02 5.557139013671875318e+02 7.625625546328672044e+02
4.002028747558593977e+02 4.906611278130332607e+02 2.968756347656250227e+02 4.514877338083937843e+02 9.900766333007812818e+02 5.663291380577480822e+02 5.557183447265625773e+02 7.626234019886363740e+02
4.001935363769531477e+02 4.903352875693259421e+02 2.968756347656250227e+02 4.514895211177474152e+02 9.900766333007812818e+02 5.663193220944748418e+02 5.557183447265625773e+02 7.626701130900349881e+02
4.001935363769531477e+02 4.901100865907636148e+02 2.968756347656250227e+02 4.514973302847695891e+02 9.903717211914063228e+02 5.660561315792123196e+02 5.558464160156250955e+02 7.627575256774475747e+02
4.001935363769531477e+02 4.901079418195392350e+02 2.968914550781250341e+02 4.514895211177474152e+02 9.904936657714844159e+02 5.660545364851803924e+02 5.558464160156250955e+02 7.627575256774475747e+02
4.001935363769531477e+02 4.898998990107721738e+02 2.968914550781250341e+02 4.514895211177474152e+02 9.904936657714844159e+02 5.660099147521342502e+02 5.558464160156250955e+02 7.627575256774475747e+02
4.008190704345703352e+02 4.898761965390358455e+02 2.968914550781250341e+02 4.514771199405396374e+02 9.904936657714844159e+02 5.659937593125805506e+02 5.554961083984375136e+02 7.610593995847902988e+02
4.008276123046875341e+02 4.896582547861561352e+02 2.968914550781250341e+02 4.512183450431953702e+02 9.903953576660156841e+02 5.659937593125805506e+02 5.554639111328125409e+02 7.609913816652098149e+02
4.008344512939453352e+02 4.895731788609214732e+02 2.969176025390625000e+02 4.512043490361028262e+02 9.903953576660156841e+02 5.659937593125805506e+02 5.554001660156250182e+02 7.609913816652098149e+02
4.008344512939453352e+02 4.895403473629479549e+02 2.968849731445312727e+02 4.512043490361028262e+02 9.903953576660156841e+02 5.659994852911564749e+02 5.554001660156250182e+02 7.609913816652098149e+02
4.008464813232421875e+02 4.895403473629479549e+02 2.968849731445312727e+02 4.512043490361028262e+02 9.905190197753906887e+02 5.659937593125805506e+02 5.552582861328126000e+02 7.609842111013986141e+02
4.009079498291015966e+02 4.895403473629479549e+02 2.968849731445312727e+02 4.512178775930566985e+02 9.905190197753906887e+02 5.659877470350756994e+02 5.552582861328126000e+02 7.609913816652098149e+02
4.009281097412109602e+02 4.895463417235494603e+02 2.968845611572265852e+02 4.512178775930566985e+02 9.905190197753906887e+02 5.659841887483891014e+02 5.552582861328126000e+02 7.610042886800699762e+02
4.009422546386718977e+02 4.896057353882252414e+02 2.968845611572265852e+02 4.512178775930566985e+02 9.905190197753906887e+02 5.659832480519087312e+02 5.555979296875000273e+02 7.628014368444056572e+02
4.009422546386718977e+02 4.896488507892491384e+02 2.968845611572265852e+02 4.511655506745946695e+02 9.905190197753906887e+02 5.659600987385227882e+02 5.557356054687500091e+02 7.628014368444056572e+02
4.009281097412109602e+02 4.896488507892491384e+02 2.969049133300781591e+02 4.508776838803860869e+02 9.904243920898437636e+02 5.659600987385227882e+02 5.557462011718751000e+02 7.628331239073427241e+02
4.009042144775390852e+02 4.896488507892491384e+02 2.969049133300781591e+02 4.508776838803860869e+02 9.903780187988281796e+02 5.659600987385227882e+02 5.557462011718751000e+02 7.628542258522727479e+02
4.008916076660156591e+02 4.895594853215656599e+02 2.969223266601562727e+02 4.508770789449125118e+02 9.903780187988281796e+02 5.659697920022550761e+02 5.557741259765625728e+02 7.628681572333916847e+02
4.008784515380859261e+02 4.894304690832977940e+02 2.969574279785156250e+02 4.508770789449125118e+02 9.898445214843750364e+02 5.659697920022550761e+02 5.557741259765625728e+02 7.628542258522727479e+02
4.008784515380859261e+02 4.893842740107721738e+02 2.971157958984375114e+02 4.504757867494133734e+02 9.898445214843750364e+02 5.659697920022550761e+02 5.558826806640626046e+02 7.628542258522727479e+02
4.008584289550781250e+02 4.893842740107721738e+02 2.971192565917968977e+02 4.503816917862094442e+02 9.898445214843750364e+02 5.658675832846729463e+02 5.558974121093750682e+02 7.628518356643356810e+02
4.008784515380859261e+02 4.893842740107721738e+02 2.971300781250000114e+02 4.503344243280716341e+02 9.899708825683594569e+02 5.659331457393685696e+02 5.559795117187500182e+02 7.627427748033217085e+02
4.008784515380859261e+02 4.896363671208404185e+02 2.972352722167968864e+02 4.499735803180993798e+02 9.900436730957031841e+02 5.658675832846729463e+02 5.559795117187500182e+02 7.627015952797203227e+02
4.008584289550781250e+02 4.897751173208191062e+02 2.972988281250000000e+02 4.497317161169474957e+02 9.900541418457031568e+02 5.658675832846729463e+02 5.559795117187500182e+02 7.624730933129370669e+02
4.008534576416015511e+02 4.897751173208191062e+02 2.973259368896484602e+02 4.497193424368066985e+02 9.900782690429688273e+02 5.658633706004349051e+02 5.559363085937500273e+02 7.624442061844406453e+02
4.008534576416015511e+02 4.898135582204564571e+02 2.973850982666015739e+02 4.497193424368066985e+02 9.900964257812501046e+02 5.659301191506925761e+02 5.558139794921875136e+02 7.624442061844406453e+02
4.008534576416015511e+02 4.898511192139504828e+02 2.973850982666015739e+02 4.497317161169474957e+02 9.900976525878907069e+02 5.658633706004349051e+02 5.557631201171875546e+02 7.624442061844406453e+02
4.008806488037109261e+02 4.898511192139504828e+02 2.973850982666015739e+02 4.497658399770691062e+02 9.901651269531250819e+02 5.658511415461903198e+02 5.557631201171875546e+02 7.625090144230770193e+02
4.009019073486328466e+02 4.899024287409342833e+02 2.973639770507812727e+02 4.498050782916488970e+02 9.902043847656250364e+02 5.657784625181217280e+02 5.557337597656251091e+02 7.625090144230770193e+02
4.010311889648437500e+02 4.899946539035835826e+02 2.973622467041015511e+02 4.498050782916488970e+02 9.901651269531250819e+02 5.657784625181217280e+02 5.556824218750000455e+02 7.625090144230770193e+02
4.010343750000000114e+02 4.899984484988268036e+02 2.973615600585937386e+02 4.497658399770691062e+02 9.901651269531250819e+02 5.657784625181217280e+02 5.557631201171875546e+02 7.627065122377622401e+02
4.010343750000000114e+02 4.899984484988268036e+02 2.972630950927734261e+02 4.494721438046608455e+02 9.898569531250000182e+02 5.659574402484696520e+02 5.551143896484375091e+02 7.607416411713287516e+02
4.010311889648437500e+02 4.899946539035835826e+02 2.972602386474609375e+02 4.493215148717470129e+02 9.898569531250000182e+02 5.659978083974307310e+02 5.551143896484375091e+02 7.607416411713287516e+02
4.010295959472656477e+02 4.899849749360068358e+02 2.972574096679687727e+02 4.492591240267704507e+02 9.898569531250000182e+02 5.660251703950547153e+02 5.552776318359375409e+02 7.612657069493008066e+02
4.009464843750000114e+02 4.897347516264931642e+02 2.972455718994140739e+02 4.492466128612948069e+02 9.901764953613281932e+02 5.661253750201352659e+02 5.552776318359375409e+02 7.613087303321678974e+02
4.008994079589843977e+02 4.895814279810153380e+02 2.972455718994140739e+02 4.490103855588736792e+02 9.901764953613281932e+02 5.661416122593830096e+02 5.552212353515625409e+02 7.612657069493008066e+02
4.008950408935547216e+02 4.895814279810153380e+02 2.972455718994140739e+02 4.490103855588736792e+02 9.901764953613281932e+02 5.661770315268604463e+02 5.552650878906250682e+02 7.612864674388112007e+02
4.008912506103515625e+02 4.895795581804607082e+02 2.972978393554687386e+02 4.489735394891211513e+02 9.901667626953125136e+02 5.661416122593830096e+02 5.552650878906250682e+02 7.612731506774475747e+02
4.008651855468750114e+02 4.895795581804607082e+02 2.972978393554687386e+02 4.489735394891211513e+02 9.900182373046875455e+02 5.661416122593830096e+02 5.552650878906250682e+02 7.612731506774475747e+02
4.008326660156250227e+02 4.895795581804607082e+02 2.972978393554687386e+02 4.489625956564632929e+02 9.899909204101562636e+02 5.661770315268604463e+02 5.552855615234375364e+02 7.612611997377622401e+02
4.008014373779296875e+02 4.893413785862841223e+02 2.972765808105468750e+02 4.488492527463736792e+02 9.899909204101562636e+02 5.662420213836984431e+02 5.553641748046875364e+02 7.611770651223777122e+02
4.007886932373046989e+02 4.893413785862841223e+02 2.972671051025390625e+02 4.487618120733788487e+02 9.899909204101562636e+02 5.662420213836984431e+02 5.554219726562500909e+02 7.611360904720280587e+02
4.007598541259765739e+02 4.893413785862841223e+02 2.972665008544922216e+02 4.487306578964910386e+02 9.900008984375000409e+02 5.662420213836984431e+02 5.555360986328125819e+02 7.611360904720280587e+02
4.007598541259765739e+02 4.893413785862841223e+02 2.972535369873046989e+02 4.487306578964910386e+02 9.903049829101563546e+02 5.662553547338111457e+02 5.556490625000000136e+02 7.611313100961539249e+02
4.007598541259765739e+02 4.893413785862841223e+02 2.972507354736328011e+02 4.487269182953818358e+02 9.903681225585937682e+02 5.662553547338111457e+02 5.556537109375000227e+02 7.611313100961539249e+02
4.007597717285156591e+02 4.893207007919154989e+02 2.972507354736328011e+02 4.487269182953818358e+02 9.904899853515626091e+02 5.662553547338111457e+02 5.556583593750000318e+02 7.611313100961539249e+02
4.007495269775390625e+02 4.893089870413822382e+02 2.972507354736328011e+02 4.486330983028476567e+02 9.904899853515626091e+02 5.662886063093991424e+02 5.556927099609375773e+02 7.611418269230770193e+02
4.007562286376953011e+02 4.893089870413822382e+02 2.974926818847656591e+02 4.485801114547781481e+02 9.904899853515626091e+02 5.663125736197245033e+02 5.564480126953125136e+02 7.628388603583916847e+02
4.007562286376953011e+02 4.892822048981441867e+02 2.975456634521484602e+02 4.485801114547781481e+02 9.905765161132812864e+02 5.663125736197245033e+02 5.564480126953125136e+02 7.628388603583916847e+02
4.007597717285156591e+02 4.892374946672354667e+02 2.975489044189453125e+02 4.486330983028476567e+02 9.905765161132812864e+02 5.663125736197245033e+02 5.564480126953125136e+02 7.628388603583916847e+02
4.008514526367187614e+02 4.891332257892491384e+02 2.983314331054687614e+02 4.486671396717683251e+02 9.904047631835937864e+02 5.647493405686210508e+02 5.557022460937500909e+02 7.609626311188811769e+02
4.009610137939453125e+02 4.891302011118813766e+02 2.987350433349609489e+02 4.493100210977495408e+02 9.901721606445313455e+02 5.646079497976401171e+02 5.555243750000000773e+02 7.609626311188811769e+02
4.009782623291015966e+02 4.891302011118813766e+02 2.988956359863281591e+02 4.493535214577111674e+02 9.899847045898437727e+02 5.645154343437902753e+02 5.555176757812500909e+02 7.609626311188811769e+02
4.009807342529297216e+02 4.891302011118813766e+02 2.993265197753906364e+02 4.493836307460537114e+02 9.898342163085937955e+02 5.645154343437902753e+02 5.554131201171875318e+02 7.616832386363637397e+02
4.010190765380859261e+02 4.890954998133532285e+02 2.993486572265625227e+02 4.494188819859214732e+02 9.897048291015626091e+02 5.645154343437902753e+02 5.554820605468750045e+02 7.618073918269230944e+02
4.010693664550781250e+02 4.889741277597055955e+02 2.993607971191406136e+02 4.493836307460537114e+02 9.892811718750000409e+02 5.645346163720199684e+02 5.554820605468750045e+02 7.618337521853147791e+02
4.010862854003906364e+02 4.887936920061860064e+02 2.993607971191406136e+02 4.493535214577111674e+02 9.892360253906250591e+02 5.645451685325385824e+02 5.554617578125000819e+02 7.619757293487763263e+02
4.010862854003906364e+02 4.887667448805460708e+02 2.993669494628906591e+02 4.493510742187500000e+02 9.892360253906250591e+02 5.645818147954252026e+02 5.554617578125000819e+02 7.619757293487763263e+02
4.010796112060547216e+02 4.887661949392064571e+02 2.993677459716797102e+02 4.492545320165849034e+02 9.892811718750000409e+02 5.645818147954252026e+02 5.554820605468750045e+02 7.618435861013986141e+02
4.010943328857421761e+02 4.887510715523677050e+02 2.994926330566406136e+02 4.489760417222162800e+02 9.898013378906250637e+02 5.645818147954252026e+02 5.554617578125000819e+02 7.619757293487763263e+02
4.010796112060547216e+02 4.887492567459470933e+02 2.995393249511718636e+02 4.489760417222162800e+02 9.898013378906250637e+02 5.645785019078205096e+02 5.554506494140625819e+02 7.618435861013986141e+02
4.010773315429687500e+02 4.887297888225255633e+02 2.995479217529297102e+02 4.487461937393344442e+02 9.898013378906250637e+02 5.645785019078205096e+02 5.552113232421875182e+02 7.617652562281468818e+02
4.010040252685546989e+02 4.887166452245093637e+02 2.995479217529297102e+02 4.485790390691659582e+02 9.886979479980469705e+02 5.640204234958923735e+02 5.543726562500000909e+02 7.610773601398601613e+02
4.010040252685546989e+02 4.876385402223762640e+02 2.998538909912109602e+02 4.457145046195072382e+02 9.850594848632813409e+02 5.630407903612274367e+02 5.543726562500000909e+02 7.604628769667832557e+02
4.010040252685546989e+02 4.873662642651450483e+02 2.998686676025390625e+02 4.455112188033276084e+02 9.822275244140626000e+02 5.606036502798807533e+02 5.543726562500000909e+02 7.595333670236014996e+02
4.021753326416015852e+02 4.866520554474189453e+02 3.041556976318359489e+02 4.452672373280183251e+02 9.773180895996093795e+02 5.499434323654960508e+02 5.554199902343750637e+02 7.595333670236014996e+02
4.094471282958984375e+02 4.866520554474189453e+02 3.172395355224609261e+02 4.425977395744453702e+02 9.760302697753907069e+02 5.347216545183633798e+02 5.653379101562500182e+02 7.595333670236014996e+02
4.197267883300781364e+02 4.860637282023250805e+02 3.375929443359374886e+02 4.421443404370200483e+02 9.725794262695312682e+02 5.050266069235260602e+02 5.770717285156250682e+02 7.613212276005244803e+02
4.309101562500000000e+02 4.860637282023250805e+02 3.579623657226562727e+02 4.395615959297674635e+02 9.688878015136718886e+02 4.806243676254429147e+02 5.905555468750000045e+02 7.617878605769230944e+02
4.445135101318359716e+02 4.860637282023250805e+02 3.795172943115234716e+02 4.395615959297674635e+02 9.629584814453126000e+02 4.501298098220038355e+02 6.027721875000000864e+02 7.637463122814685903e+02
4.570267456054687614e+02 4.864684850282636148e+02 3.999546386718749886e+02 4.420100722589590418e+02 9.623704321289062591e+02 4.212599984395134811e+02 6.090515429687500273e+02 7.671022044361889130e+02
4.696150451660156477e+02 4.858506259332338004e+02 4.167553436279296761e+02 4.420100722589590418e+02 9.594234790039063228e+02 3.925767721589078292e+02 6.172147460937500227e+02 7.700336675043706691e+02
4.762278259277343864e+02 4.864684850282636148e+02 4.350199218750000227e+02 4.434470139851749195e+02 9.594009875488281978e+02 3.666005840498147563e+02 6.172234960937501000e+02 7.730698208041958424e+02
4.834311218261718750e+02 4.864684850282636148e+02 4.444338317871093977e+02 4.458444007639184861e+02 9.590716308593750909e+02 3.491919731848018387e+02 6.172234960937501000e+02 7.763126912150349881e+02
4.855160522460937500e+02 4.865095656463310547e+02 4.534815124511719091e+02 4.469378766264931642e+02 9.590716308593750909e+02 3.357958622568661440e+02 6.172234960937501000e+02 7.796442717438811769e+02
4.855160522460937500e+02 4.907309153690272865e+02 4.588346282958984261e+02 4.479238939513118680e+02 9.590716308593750909e+02 3.274000234702198782e+02 6.154450585937501046e+02 7.840127840909091219e+02
4.855160522460937500e+02 4.922020634465656599e+02 4.611691955566406591e+02 4.484889861748080193e+02 9.599931262207031750e+02 3.250301227372946187e+02 6.102551464843750182e+02 7.876812445367133932e+02
4.851581726074218750e+02 4.922020634465656599e+02 4.615032897949218977e+02 4.509777457071245408e+02 9.611754406738282341e+02 3.194416085469353561e+02 6.080796777343750819e+02 7.880241340690560037e+02
4.850098022460937841e+02 4.922020634465656599e+02 4.645840209960937841e+02 4.509777457071245408e+02 9.611754406738282341e+02 3.167833025430895191e+02 6.073676464843750864e+02 7.880241340690560037e+02
4.849017517089843636e+02 4.921694519251279871e+02 4.645840209960937841e+02 4.509777457071245408e+02 9.611754406738282341e+02 3.167833025430895191e+02 6.060937695312500182e+02 7.880241340690560037e+02
4.842143920898437841e+02 4.909717896757679227e+02 4.645840209960937841e+02 4.505368852322419002e+02 9.611733142089843795e+02 3.167833025430895191e+02 6.052627929687500909e+02 7.880241340690560037e+02
4.826554870605468750e+02 4.909717896757679227e+02 4.616310607910156136e+02 4.505368852322419002e+02 9.611733142089843795e+02 3.187542866185768275e+02 6.010505566406250182e+02 7.880241340690560037e+02
4.792046264648437841e+02 4.909717896757679227e+02 4.574045104980468750e+02 4.505368852322419002e+02 9.611733142089843795e+02 3.234512454947245033e+02 5.983219921875000864e+02 7.888809140078672044e+02
4.776952697753906136e+02 4.914530983361774474e+02 4.515866455078125341e+02 4.541406508305780676e+02 9.634517395019531705e+02 3.252120861564714573e+02 5.950072460937500409e+02 7.908766526442308304e+02
4.758543457031250341e+02 4.946609611641424635e+02 4.514584350585937500e+02 4.569337479002239775e+02 9.647385778808594523e+02 3.270688574092903877e+02 5.937095800781251000e+02 7.951341919798951494e+02
4.743872863769531136e+02 4.986859268344709903e+02 4.514584350585937500e+02 4.591857576858468519e+02 9.693139123535156614e+02 3.291979807430935807e+02 5.924489648437501046e+02 7.987880381337413382e+02
4.743872863769531136e+02 5.003650627266424635e+02 4.514584350585937500e+02 4.613422701578498391e+02 9.754050891113281523e+02 3.291979807430935807e+02 5.908913281250000864e+02 8.009138029938811769e+02
4.743872863769531136e+02 5.016005609401663605e+02 4.515912322998046875e+02 4.638920181847269646e+02 9.764089440917969114e+02 3.291979807430935807e+02 5.908082714843750409e+02 8.028779911494756334e+02
4.747503845214843636e+02 5.017576791808873509e+02 4.530226684570312727e+02 4.638920181847269646e+02 9.774046203613281705e+02 3.275782036535518387e+02 5.908082714843750409e+02 8.029408872377622401e+02
4.756025390625000000e+02 5.018485844843216341e+02 4.536528442382812614e+02 4.638920181847269646e+02 9.780453405761719523e+02 3.265629058523276171e+02 5.908913281250000864e+02 8.032876693618882200e+02
4.759049926757812727e+02 5.019367950751919807e+02 4.536813262939453466e+02 4.630905886705418197e+02 9.784945971679687773e+02 3.262075679818379399e+02 5.922205078125000455e+02 8.034029447115385665e+02
4.779035705566406591e+02 5.019367950751919807e+02 4.562574554443359602e+02 4.630905886705418197e+02 9.793731542968751000e+02 3.218811617192533845e+02 5.952313281250000045e+02 8.043319083260489606e+02
4.796813781738281364e+02 5.019367950751919807e+02 4.575992980957031477e+02 4.630905886705418197e+02 9.793731542968751000e+02 3.201231431469474842e+02 5.955079101562500909e+02 8.047609129152098149e+02
4.809003662109375341e+02 5.020014681767278262e+02 4.594164093017578239e+02 4.638666108948378906e+02 9.793731542968751000e+02 3.148028706029518275e+02 5.984973339843750182e+02 8.051615767045454959e+02
4.846171508789062727e+02 5.020014681767278262e+02 4.655397766113281364e+02 4.641315176381185665e+02 9.793947460937500864e+02 3.119830102035679715e+02 6.030703710937500546e+02 8.067372568837413382e+02
4.882693908691406364e+02 5.020060326898463927e+02 4.722002380371093864e+02 4.642874260078924635e+02 9.798652673339844341e+02 3.000135881876207691e+02 6.076630957031250091e+02 8.094701294798951494e+02
4.959128540039062614e+02 5.024458207791169002e+02 4.825073364257812614e+02 4.648126749813353058e+02 9.789310131835937909e+02 2.910929430145578181e+02 6.155893652343750091e+02 8.130265925480770193e+02
5.005040405273437614e+02 5.024687533329778262e+02 4.905282348632812841e+02 4.652480085457551127e+02 9.789282324218750091e+02 2.778641329106596345e+02 6.221844726562500227e+02 8.139977600524475747e+02
5.064620910644531477e+02 5.032959750959897178e+02 5.008394531250000341e+02 4.657072645584470933e+02 9.778068493652344841e+02 2.682254909240093070e+02 6.276355859375000819e+02 8.169131064248252869e+02
5.134469238281250227e+02 5.032959750959897178e+02 5.113446899414062727e+02 4.662884975602602253e+02 9.758033923339844478e+02 2.550067421824661551e+02 6.359404980468750637e+02 8.185471071896853346e+02
5.201233703613281705e+02 5.032959750959897178e+02 5.231347229003906705e+02 4.662884975602602253e+02 9.700901538085937545e+02 2.439328427658867326e+02 6.432000585937501000e+02 8.185471071896853346e+02
5.269051208496093750e+02 5.025314466456911191e+02 5.279578308105468523e+02 4.661251649824018841e+02 9.666083947753907069e+02 2.344557347248509700e+02 6.466876171875001091e+02 8.185471071896853346e+02
5.284367797851563182e+02 5.017353515625000000e+02 5.298038085937499773e+02 4.661251649824018841e+02 9.638475891113281477e+02 2.297476919901739620e+02 6.481662988281250364e+02 8.157300316870630468e+02
5.287099548339843977e+02 4.994990700991893959e+02 5.326814025878906023e+02 4.623312296688353058e+02 9.619048999023438000e+02 2.281488147224347358e+02 6.482797070312500409e+02 8.138316078452797910e+02
5.301513610839843977e+02 4.944172271624360064e+02 5.343662658691406477e+02 4.560568114401130515e+02 9.564025903320313091e+02 2.281488147224347358e+02 6.482797070312500409e+02 8.056726671765734409e+02
5.301513610839843977e+02 4.909415429020904185e+02 5.343662658691406477e+02 4.493729068899316985e+02 9.486656933593750409e+02 2.281488147224347358e+02 6.482797070312500409e+02 7.984163297639860275e+02
5.301513610839843977e+02 4.896154143558020451e+02 5.343662658691406477e+02 4.461854468856654989e+02 9.438688793945312909e+02 2.287199606354703576e+02 6.458744140625000227e+02 7.927438674606644327e+02
5.273661621093750682e+02 4.849813886518771255e+02 5.294392272949219205e+02 4.429189328138331803e+02 9.415328759765625364e+02 2.316718457408786946e+02 6.422335937500000682e+02 7.849075338723777122e+02
5.255668212890625455e+02 4.810868140731654989e+02 5.292056579589843750e+02 4.373005396091083412e+02 9.367403967285156341e+02 2.361817900667485333e+02 6.411902929687501000e+02 7.785569411057692832e+02
5.210630310058594432e+02 4.792657383212456921e+02 5.246765441894531250e+02 4.330655788382572382e+02 9.346872949218750364e+02 2.420756625145980934e+02 6.378559277343750864e+02 7.709207003933566966e+02
5.166779479980468750e+02 4.755941099616040901e+02 5.171218505859375227e+02 4.267131789275810547e+02 9.300453857421875909e+02 2.505701721820634589e+02 6.311513085937500591e+02 7.638485440340909918e+02
5.119625061035156364e+02 4.724183637078711513e+02 5.092572326660156250e+02 4.229268603015678423e+02 9.229054528808594569e+02 2.594104082559801441e+02 6.290589648437500045e+02 7.585270296110140862e+02
5.062051757812500341e+02 4.689505986028156599e+02 5.009757934570312727e+02 4.174835409223015859e+02 9.192463793945313455e+02 2.732458244402383798e+02 6.249464648437500500e+02 7.473528327141608543e+02
5.018137756347656477e+02 4.662435123586816985e+02 4.899132202148437614e+02 4.139469231615294120e+02 9.175858557128906341e+02 2.864571498595561820e+02 6.199470019531250955e+02 7.422673322770979212e+02
4.950583923339843864e+02 4.618392521464376728e+02 4.750055969238281364e+02 4.093042908756399356e+02 9.135840942382812955e+02 3.089802865883738718e+02 6.089343066406250955e+02 7.326326895760489606e+02
4.840489929199218864e+02 4.588457839497120290e+02 4.570642364501953239e+02 4.041650065659662800e+02 9.114955786132812818e+02 3.318725239861871614e+02 6.026058007812500819e+02 7.246338914991259799e+02
4.743408691406249886e+02 4.538848731135345247e+02 4.382640197753906364e+02 3.967265824978669002e+02 9.038560083007813546e+02 3.550749253735099842e+02 5.938230566406250546e+02 7.138021060970280587e+02
4.618583679199218750e+02 4.491736906396650966e+02 4.111641815185546989e+02 3.903021127746373509e+02 8.986177075195313364e+02 3.836194602730347469e+02 5.829329296875000637e+02 7.037103911713287516e+02
4.457002807617187727e+02 4.443650585604202092e+02 3.917374420166015625e+02 3.826357655183446695e+02 8.937009936523437545e+02 4.203468684560244810e+02 5.654261962890625455e+02 6.927622377622377599e+02
4.302835510253906364e+02 4.369582561193472543e+02 3.611830078125000227e+02 3.731247775237308133e+02 8.808782470703125682e+02 4.606840562328849273e+02 5.510888085937500591e+02 6.788363882211539249e+02
4.146501983642578466e+02 4.284970236508105472e+02 3.367703155517578466e+02 3.598189743094069968e+02 8.696476501464844659e+02 4.961182521544780570e+02 5.344646972656250909e+02 6.648670372596154721e+02
3.974902130126953352e+02 4.182959142691445891e+02 3.105532562255859261e+02 3.478228288982508616e+02 8.570307617187500000e+02 5.349903665129670571e+02 5.152317871093750909e+02 6.519481397508741338e+02
3.786878814697265625e+02 4.121905205111454507e+02 2.806012023925781591e+02 3.324052234428327779e+02 8.436687109375000091e+02 5.791718127063868451e+02 4.912973583984375523e+02 6.361809577141608543e+02
3.613281646728515852e+02 3.977501058220456116e+02 2.523083587646484318e+02 3.166878449632039292e+02 8.266658251953125500e+02 6.189272819597696298e+02 4.736608447265625728e+02 6.199347137237762126e+02
3.438329864501953352e+02 3.868480137118707489e+02 2.305443054199218693e+02 2.996209379332871094e+02 8.034012365722657023e+02 6.499523925781250000e+02 4.576688867187500591e+02 6.057079053758741338e+02
3.318963684082031591e+02 3.820587395677794120e+02 2.147668395996093693e+02 2.707506124346735987e+02 7.857296594238281386e+02 6.823799998489851077e+02 4.392851708984375136e+02 5.979768083479021925e+02
3.191106719970703125e+02 3.692303679274210708e+02 1.857210205078125114e+02 2.495785857841830193e+02 7.669326098632813000e+02 7.189293300982602659e+02 4.230827343750000296e+02 5.848857490166084290e+02
3.079265075683593977e+02 3.623540114054500805e+02 1.738517074584960938e+02 2.374996742014185145e+02 7.564255834960938500e+02 7.536146089219554369e+02 4.057405419921875591e+02 5.755667477054196297e+02
2.956064941406249886e+02 3.510084465990294120e+02 1.501203598022460994e+02 2.324897635918835306e+02 7.287070324707032114e+02 7.834425401196036773e+02 3.919326318359375136e+02 5.660066447224651256e+02
2.835146392822265966e+02 3.439558338777197264e+02 1.243957077026367273e+02 2.257683117967416706e+02 7.049354455566406159e+02 8.090548422901899812e+02 3.772484228515625091e+02 5.565530758304196297e+02
2.725549255371093977e+02 3.421133929047568358e+02 1.113624275207519503e+02 2.257683117967416706e+02 7.017796081542969659e+02 8.447073206950708482e+02 3.707103271484375568e+02 5.507495970826049643e+02
2.698107604980468750e+02 3.421133929047568358e+02 1.080789505004882898e+02 2.257683117967416706e+02 7.017796081542969659e+02 8.469445423244200128e+02 3.697023339843750591e+02 5.507495970826049643e+02
2.698107604980468750e+02 3.421133929047568358e+02 1.072118202209472742e+02 2.257683117967416706e+02 7.031396459960938046e+02 8.472703505053962090e+02 3.697023339843750591e+02 5.507495970826049643e+02
2.698107604980468750e+02 3.419443409369667393e+02 1.062612281799316492e+02 2.276066832037915901e+02 7.031396459960938046e+02 8.472703505053962090e+02 3.697023339843750591e+02 5.507495970826049643e+02
2.713997406005859716e+02 3.419443409369667393e+02 1.043513031005859375e+02 2.276066832037915901e+02 7.031396459960938046e+02 8.472703505053962090e+02 3.712063085937500091e+02 5.507495970826049643e+02
2.714005645751953466e+02 3.419443409369667393e+02 1.043513031005859375e+02 2.276066832037915901e+02 7.034119152832031432e+02 8.472703505053962090e+02 3.736866601562500136e+02 5.507239196350525390e+02
2.721911956787109261e+02 3.416558417102175440e+02 1.043513031005859375e+02 2.266380852709044404e+02 7.041333593750000546e+02 8.472703505053962090e+02 3.764219238281250455e+02 5.495630053540210156e+02
2.736463623046875000e+02 3.410751036556100644e+02 1.061365539550781278e+02 2.262346208071139131e+02 7.041333593750000546e+02 8.472522727730347469e+02 3.807673583984375227e+02 5.487469610467658185e+02
2.765818267822265852e+02 3.410273412502666019e+02 1.118225143432617159e+02 2.261916291428914292e+02 7.034119152832031432e+02 8.472522727730347469e+02 3.889718164062500136e+02 5.478146170236013859e+02
2.817114807128906477e+02 3.400534776290529067e+02 1.144995391845703097e+02 2.257017139005172623e+02 7.034119152832031432e+02 8.465168117247905002e+02 3.955953271484375477e+02 5.460885940231644327e+02
2.857922424316406591e+02 3.385377843030076406e+02 1.190750289916992273e+02 2.229253075505279469e+02 6.984363964843749955e+02 8.457176287149644622e+02 4.008526074218750637e+02 5.402669839925699762e+02
2.875897705078124886e+02 3.341830738054607650e+02 1.220464874267578210e+02 2.165403923581484662e+02 6.940318334960937818e+02 8.457176287149644622e+02 4.032124414062500364e+02 5.348166042941434171e+02
2.880204071044922216e+02 3.295232283556420612e+02 1.251050399780273494e+02 2.116645986928060950e+02 6.841289685058594614e+02 8.457310438647712090e+02 4.096192529296875477e+02 5.304397262893356810e+02
2.893574432373047216e+02 3.257986681420648551e+02 1.282394256591796875e+02 2.061752904690166304e+02 6.715486798095703307e+02 8.457176287149644622e+02 4.150082958984375523e+02 5.211110959353147791e+02
2.957585723876953239e+02 3.202412909289675440e+02 1.309298950195312443e+02 1.975541625559940258e+02 6.617098950195312455e+02 8.439625344817170571e+02 4.166866210937500341e+02 5.108533995301573896e+02
2.962085723876953125e+02 3.085182463870520451e+02 1.344329818725585994e+02 1.887209772624253219e+02 6.477714904785157159e+02 8.429580342400934114e+02 4.204665185546875250e+02 4.970348011363636829e+02
2.992605194091797216e+02 3.078630187779970129e+02 1.359018676757812614e+02 1.824220866440912800e+02 6.400121838378906887e+02 8.423409373489851077e+02 4.236163134765625387e+02 4.970348011363636829e+02
3.004817871093750341e+02 3.078630187779970129e+02 1.380512191772461108e+02 1.769014317639451690e+02 6.316630285644531568e+02 8.369227710212628608e+02 4.251931591796875409e+02 4.970348011363636829e+02
3.042670989990234602e+02 3.078630187779970129e+02 1.421585266113281421e+02 1.625406210837510628e+02 6.272888903808593568e+02 8.347996599649644622e+02 4.327648144531250409e+02 5.045529665646853346e+02
3.086425415039062727e+02 3.143293665342363283e+02 1.434497909545898438e+02 1.612946602362414694e+02 6.251723217773437682e+02 8.286912678197486457e+02 4.333316845703125182e+02 5.048291015625000568e+02
3.094238342285156591e+02 3.147576333524423831e+02 1.464730499267578239e+02 1.533112992947419002e+02 6.072719860839844159e+02 8.224187036887885824e+02 4.333316845703125182e+02 5.048291015625000568e+02
3.113675903320312841e+02 3.156751279863481159e+02 1.465520004272460994e+02 1.533112992947419002e+02 6.072719860839844159e+02 8.224187036887885824e+02 4.333316845703125182e+02 5.045529665646853346e+02
3.118599426269531136e+02 3.157530821712350644e+02 1.465636322021484546e+02 1.524951725982561754e+02 6.068882818603516398e+02 8.217229154921069494e+02 4.322089160156250500e+02 4.996622664444930706e+02
3.120131744384765966e+02 3.159126751479842028e+02 1.474626571655273608e+02 1.524849986834737479e+02 6.072719860839844159e+02 8.217229154921069494e+02 4.316885302734375500e+02 4.978728351726398955e+02
3.127710113525390625e+02 3.159126751479842028e+02 1.476433959960937443e+02 1.524849986834737479e+02 6.073823168945313000e+02 8.217229154921069494e+02 4.316885302734375500e+02 4.974829613745629899e+02
3.129133117675781364e+02 3.157530821712350644e+02 1.479119293212890796e+02 1.524150873906783090e+02 6.074917889404297284e+02 8.225638163458439749e+02 4.314684814453125341e+02 4.972430889423077360e+02
3.129248474121093864e+02 3.157530821712350644e+02 1.479802093505859375e+02 1.524150873906783090e+02 6.121419586181641534e+02 8.225638163458439749e+02 4.314123583984375614e+02 4.968003919908217085e+02
3.131229858398437500e+02 3.159216666888864893e+02 1.480014129638671818e+02 1.519809362001386432e+02 6.123148974609375728e+02 8.236263943701674179e+02 4.309183935546875546e+02 4.963930015297203227e+02
3.138424530029296875e+02 3.162958467763438648e+02 1.481479431152343693e+02 1.516332907823165499e+02 6.123148974609375728e+02 8.236263943701674179e+02 4.303605468750000682e+02 4.963873333697552539e+02
3.293503417968750000e+02 3.267589207151237360e+02 1.482281982421875171e+02 1.514438497393611271e+02 6.123148974609375728e+02 8.225638163458439749e+02 4.303367919921875568e+02 4.961060765406468818e+02
3.293503417968750000e+02 3.267636502106441867e+02 1.485665496826171932e+02 1.512383091636891947e+02 5.929776440429687909e+02 8.103922672861629053e+02 4.302956396484375432e+02 4.959060178103147223e+02
3.295930847167969091e+02 3.268219714897077779e+02 1.486052627563476562e+02 1.509807853828924920e+02 5.922397607421875136e+02 8.085201994905766014e+02 4.266712939453125273e+02 4.888065791630245371e+02
3.294930541992187614e+02 3.270826986788075601e+02 1.489799102783203182e+02 1.501885536376119887e+02 5.918758081054687636e+02 8.080679289827641014e+02 4.266712939453125273e+02 4.888065791630245371e+02
3.294930541992187614e+02 3.272297254959470933e+02 1.517412002563476676e+02 1.483203754099562559e+02 5.918758081054687636e+02 8.079960270517879053e+02 4.266712939453125273e+02 4.888065791630245371e+02
3.294930541992187614e+02 3.272983581751279871e+02 1.517412002563476676e+02 1.482400427287755917e+02 5.922397607421875136e+02 8.079960270517879053e+02 4.266712939453125273e+02 4.878611232517482676e+02
3.294930541992187614e+02 3.273019602909022865e+02 1.517412002563476676e+02 1.482400427287755917e+02 5.930569775390625864e+02 8.079960270517879053e+02 4.266712939453125273e+02 4.873451499672203227e+02
3.294179351806640739e+02 3.273473304514184861e+02 1.517271926879882926e+02 1.482400427287755917e+02 5.935775933837891216e+02 8.095902212870489620e+02 1.844914599609375045e+02 2.246211210664335738e+02
3.292952453613281136e+02 3.273894834550981159e+02 1.511611633300781250e+02 1.482553173494827092e+02 5.937300036621094250e+02 8.095932478757248418e+02 1.844914599609375045e+02 2.244731513603584006e+02
3.292433349609374886e+02 3.275314508119133734e+02 1.510886810302734489e+02 1.483878807093909984e+02 6.032500231933594250e+02 8.200856128181378608e+02 1.844914599609375045e+02 2.244683539117133080e+02
3.292433349609374886e+02 3.275636498773463927e+02 1.510849319458007756e+02 1.486996562033382929e+02 6.032500231933594250e+02 8.200856128181378608e+02 3.190805761718750091e+02 2.353194977020050427e+00
3.292433349609374886e+02 3.275800381292661996e+02 1.509980575561523608e+02 1.487009623140198471e+02 6.032500231933594250e+02 8.200856128181378608e+02 3.190940087890625136e+02 2.353145359279392501e+00
3.292433349609374886e+02 3.276786426114547908e+02 1.509980575561523608e+02 1.487650304800821175e+02 6.031812402343750819e+02 8.193753460756281584e+02 3.193564404296875523e+02 2.291232822658298751e+00
3.292433349609374886e+02 3.277592090177047908e+02 1.510849319458007756e+02 1.489067778603615579e+02 5.935732586669922739e+02 8.094469082232602659e+02 3.194302343750000546e+02 2.291232822658298751e+00
3.291945007324218864e+02 3.279889195152517232e+02 1.512192123413086051e+02 1.489067778603615579e+02 5.935104461669922102e+02 8.085920196218588671e+02 3.194302343750000546e+02 2.267816983736478331e+00
3.291923309326172102e+02 3.280045653463630515e+02 1.513742980957031250e+02 1.493315113054607366e+02 5.928240887451172512e+02 8.085596269430573102e+02 3.194302343750000546e+02 2.267816983736478331e+00
3.288872131347656591e+02 3.281028673608148551e+02 1.513860122680664233e+02 1.494070319999200080e+02 5.935732586669922739e+02 8.085596269430573102e+02 3.190262304687500432e+02 2.267816983736478331e+00
3.287619689941406591e+02 3.281028673608148551e+02 1.515823791503906364e+02 1.499652224596042913e+02 5.935732586669922739e+02 8.044909919660115065e+02 3.190262304687500432e+02 2.356609531215854592e+00
3.285711914062500227e+02 3.281028673608148551e+02 1.521382186889648551e+02 1.508074301241200885e+02 5.943749768066406887e+02 8.044909919660115065e+02 3.190262304687500432e+02 2.359809608726235020e+00
3.071983612060546989e+02 3.101947150637265054e+02 1.525124679565429631e+02 1.530622858561753503e+02 6.055169165039062591e+02 8.198377597454896204e+02 4.276116113281250364e+02 4.908696528081293877e+02
3.068524566650390852e+02 3.101947150637265054e+02 1.525124679565429631e+02 1.553821171575031883e+02 6.191819067382813273e+02 8.198377597454896204e+02 4.285046923828125500e+02 4.916751461429196297e+02
3.063876251220703466e+02 3.101947150637265054e+02 1.526781692504882812e+02 1.558545717623453584e+02 6.285040423583984648e+02 8.126688345682989620e+02 4.290198828125000432e+02 5.040603829763986141e+02
3.063876251220703466e+02 3.124289067499466341e+02 1.564713775634765796e+02 1.888206266331591223e+02 6.418296978759766489e+02 8.126688345682989620e+02 4.290198828125000432e+02 5.104954176682692832e+02
3.063876251220703466e+02 3.155100355962030676e+02 1.603199295043945369e+02 1.956613607048581400e+02 6.558355767822265534e+02 8.042215437741623418e+02 4.295641259765625364e+02 5.109520801464161082e+02
3.183877441406249886e+02 3.226685120253839614e+02 1.677254837036132926e+02 2.000641910696192269e+02 6.617750384521484648e+02 7.961403066104219306e+02 4.320764355468750182e+02 5.115352860030594684e+02
3.238498168945312727e+02 3.236778743600682446e+02 1.754187973022461051e+02 2.064956725449285386e+02 6.726707171630860103e+02 7.802720657820553924e+02 4.322539990234375296e+02 5.116748046875000568e+02
3.244625793457031477e+02 3.252527688713203702e+02 1.861561203002929688e+02 2.069841716883532285e+02 6.740992108154297284e+02 7.524420103092783165e+02 4.352764062500000364e+02 5.151154460773601613e+02
3.306189605712890511e+02 3.254120318832657972e+02 1.942397918701171875e+02 2.069841716883532285e+02 6.740992108154297284e+02 7.367423586501288355e+02 4.400687744140625455e+02 5.151154460773601613e+02
3.315454925537109716e+02 3.254120318832657972e+02 2.008396087646484318e+02 2.069841716883532285e+02 6.726707171630860103e+02 7.223958375281894178e+02 4.400687744140625455e+02 5.151154460773601613e+02
3.315454925537109716e+02 3.254120318832657972e+02 2.008396087646484318e+02 2.068417781269997704e+02 6.701438226318359739e+02 7.211685149202641014e+02 4.400687744140625455e+02 5.130734060861013859e+02
3.315454925537109716e+02 3.217388911849402575e+02 2.008396087646484318e+02 2.007751414849082607e+02 6.606597894287109511e+02 7.211685149202641014e+02 4.332139013671875318e+02 5.110029570039336022e+02
3.278253295898437614e+02 3.162194874213417393e+02 1.964922363281250171e+02 1.957830764718430032e+02 6.508605078125000318e+02 7.211685149202641014e+02 4.238412500000000591e+02 5.077622377622378167e+02
3.187610321044921875e+02 3.135465800314632929e+02 1.890019775390624943e+02 1.905805351595829791e+02 6.508605078125000318e+02 7.276189933855508798e+02 4.127480615234375136e+02 5.035404488090035215e+02
3.158724792480468864e+02 3.106031015025063766e+02 1.853833419799804858e+02 1.829887599489387640e+02 6.408649780273437955e+02 7.317361355811049179e+02 4.000984667968750159e+02 5.009694260817308304e+02
3.072463989257812500e+02 3.058514158489761030e+02 1.695935302734374943e+02 1.753729660502879710e+02 6.285360211181640580e+02 7.464291602065882216e+02 3.850547900390625387e+02 4.955389190887237874e+02
2.970462524414062386e+02 3.004315514678434056e+02 1.592102691650390796e+02 1.685094644071299115e+02 6.204938537597656705e+02 7.579184180190882216e+02 3.708973583984375182e+02 4.938664362980769624e+02
2.870024139404296761e+02 2.984737053047674635e+02 1.476866546630859318e+02 1.613005858541755515e+02 6.115891186523438137e+02 7.677021522128704873e+02 3.568876171875000409e+02 4.914542244864510963e+02
2.796779113769531477e+02 2.956292162169368680e+02 1.360153564453125057e+02 1.524533770564472945e+02 6.048432360839843795e+02 7.797747236428800761e+02 3.418918603515625136e+02 4.914542244864510963e+02
2.713480499267578239e+02 2.936688678207657972e+02 1.257913970947265625e+02 1.482176463677207607e+02 5.962898992919922421e+02 7.852022151357119810e+02 3.274880615234375227e+02 4.914542244864510963e+02
2.623445892333984375e+02 2.927626744813886148e+02 1.153295288085937500e+02 1.466014650103988970e+02 5.952990893554688228e+02 7.860464697769007216e+02 3.157425878906250318e+02 4.915811093203671476e+02
2.562576965332031591e+02 2.899347386278797103e+02 1.101489532470703097e+02 1.438504247046981561e+02 5.929362597656249818e+02 7.886116263792686141e+02 3.042556835937500068e+02 4.915811093203671476e+02
2.458753692626953296e+02 2.889791055620733573e+02 1.024620872497558679e+02 1.399320789115827495e+02 5.929362597656249818e+02 7.960385477911564749e+02 2.949624658203125023e+02 4.921095798732517892e+02
2.394217803955078239e+02 2.884395306167342028e+02 9.596510925292969318e+01 1.374906005859375000e+02 5.929362597656249818e+02 8.010866523034793545e+02 2.829503906250000114e+02 4.932127540428322163e+02
2.297413696289062557e+02 2.876068094403263444e+02 9.596510925292969318e+01 1.374906005859375000e+02 6.094579510498047057e+02 8.293322502214883798e+02 2.642257153320312568e+02 4.951613035402098149e+02
2.255745300292968807e+02 2.871708159462990579e+02 9.596510925292969318e+01 1.374906005859375000e+02 6.094579510498047057e+02 8.384744294156732849e+02 2.561006396484375500e+02 4.988160374781468818e+02
2.168660659790039062e+02 2.867457937819965537e+02 7.207322937011718977e+02 4.809223266184940258e+02 6.094579510498047057e+02 8.518049165391429369e+02 2.428767236328125136e+02 4.988160374781468818e+02
2.123623306274414233e+02 2.848530606735281481e+02 7.207734375000000000e+02 4.809370100522610869e+02 6.078260937500000409e+02 8.670694756262080318e+02 2.317800488281250182e+02 4.988160374781468818e+02
2.005189178466796989e+02 2.839596534702964732e+02 7.207734375000000000e+02 4.809370100522610869e+02 5.980109454345703170e+02 8.693129958319908610e+02 2.317800488281250182e+02 4.954195804195804840e+02
1.929740844726562443e+02 2.839596534702964732e+02 7.207735473632812955e+02 4.809375049994666824e+02 5.498039056396485194e+02 8.893591560285115065e+02 2.317800488281250182e+02 4.748401647180944565e+02
1.826469772338867301e+02 2.839596534702964732e+02 7.207754699707031705e+02 4.809381649290742189e+02 5.498039056396485194e+02 8.893591560285115065e+02 3.172580126953125159e+02 2.702199762517755843e+00
4.126463127136230469e+01 4.416613544555247017e+02 7.207754699707031705e+02 4.809383849056100644e+02 5.498039056396485194e+02 8.670694756262080318e+02 3.175046191406250387e+02 2.667041591831020853e+00
4.106932182312012003e+01 4.416679537515998391e+02 7.207754699707031705e+02 4.809383849056100644e+02 1.078077027587890598e+03 8.819348522068298735e+02 3.180582275390625568e+02 2.599411010742187500e+00
4.081626892089843750e+01 4.416679537515998391e+02 7.207754699707031705e+02 4.809383849056100644e+02 1.078198645019531341e+03 8.815482668532538355e+02 3.181751904296875182e+02 2.527336707481971256e+00
4.079948730468750284e+01 4.416613544555247017e+02 7.207755249023438182e+02 4.809381649290742189e+02 1.078481055908203189e+03 8.640527029135791963e+02 3.181751904296875182e+02 2.527336707481971256e+00
4.071966819763184020e+01 4.414980218776663605e+02 7.207755249023438182e+02 4.809380549408062961e+02 1.078198645019531341e+03 8.815482668532538355e+02 3.181751904296875182e+02 2.527336707481971256e+00
4.070404014587402486e+01 4.412693012745306760e+02 7.207755249023438182e+02 4.809379449525383734e+02 1.078198645019531341e+03 8.819348522068298735e+02 2.070404492187500125e+02 4.526344309986888561e+02
4.070404014587402486e+01 4.409355143784662800e+02 7.207755249023438182e+02 4.809375049994666824e+02 4.856521008300781546e+02 9.033305437540269622e+02 2.070404492187500125e+02 4.526344309986888561e+02
4.070404014587402486e+01 4.408696039089163605e+02 7.207755249023438182e+02 4.809375049994666824e+02 4.856521008300781546e+02 9.033802779679444939e+02 2.070404492187500125e+02 4.526344309986888561e+02
1.781112579345703182e+02 2.609540673994773670e+02 7.207745910644531477e+02 4.809375049994666824e+02 4.856521008300781546e+02 9.039599105992267596e+02 3.181611425781250091e+02 2.854842606124344595e+00
1.781112579345703182e+02 2.609540673994773670e+02 7.207745910644531477e+02 4.809379449525383734e+02 4.856521008300781546e+02 9.242185046009180951e+02 3.181986035156250523e+02 2.766885824136800842e+00
1.781112579345703182e+02 2.609540673994773670e+02 7.207400390625000455e+02 4.808979642171501609e+02 4.883704180908203512e+02 9.242185046009180951e+02 3.181986035156250523e+02 2.738561563558512102e+00
4.146166763305664205e+01 4.393679340870306760e+02 7.207406982421874773e+02 4.808986791408916019e+02 5.058028088378906659e+02 9.242185046009180951e+02 3.181986035156250523e+02 2.738561563558512102e+00
4.145276870727538920e+01 4.393679340870306760e+02 7.207406982421874773e+02 4.808986791408916019e+02 1.075174484863281350e+03 8.739782777766590698e+02 3.181986035156250523e+02 2.628618787218640840e+00
4.145148468017578125e+01 4.393679340870306760e+02 7.207406982421874773e+02 4.808985141584897178e+02 1.075216196289062509e+03 8.739782777766590698e+02 3.182005175781250159e+02 2.502373648690177088e+00
4.136717491149902770e+01 4.393679340870306760e+02 7.207400939941406932e+02 4.808979642171501609e+02 1.075216196289062509e+03 8.739782777766590698e+02 3.181967578125000387e+02 2.502373648690177088e+00
4.124559402465820312e+01 4.393374123426834217e+02 7.207400939941406932e+02 4.808980742054180837e+02 1.075174484863281350e+03 8.739782777766590698e+02 3.182005175781250159e+02 2.502373648690177088e+00
4.124559402465820312e+01 4.393110151583830998e+02 7.207400939941406932e+02 4.808980192112841223e+02 1.074869091796874955e+03 8.739782777766590698e+02 3.182005175781250159e+02 2.503996362219323757e+00
4.124559402465820312e+01 4.393110151583830998e+02 7.207400939941406932e+02 4.808980192112841223e+02 4.810676879882813068e+02 8.740305477810888988e+02 3.182005175781250159e+02 2.545258315293105422e+00
1.839957275390625000e+02 2.610222601255865698e+02 7.207400939941406932e+02 4.808979642171501609e+02 4.810676879882813068e+02 8.740305477810888988e+02 3.185695556640625341e+02 2.545258315293105422e+00
1.839957275390625000e+02 2.610222601255865698e+02 7.207400939941406932e+02 4.808980192112841223e+02 4.802519024658203648e+02 8.841687200487274367e+02 3.187091113281250045e+02 2.545258315293105422e+00
1.839957275390625000e+02 2.610222601255865698e+02 7.207400939941406932e+02 4.808980192112841223e+02 4.810676879882813068e+02 8.841687200487274367e+02 3.189503857421875068e+02 2.456068025602327509e+00
4.075783195495605327e+01 4.391537044381932446e+02 7.207400939941406932e+02 4.808979092230161996e+02 5.014735308837890670e+02 8.841687200487274367e+02 3.195478466796875523e+02 2.178995092431982084e+00
4.075595397949219034e+01 4.391873058540422221e+02 7.207400939941406932e+02 4.808977992347482768e+02 1.073273588867187527e+03 8.756203248328769178e+02 3.195478466796875523e+02 2.178995092431982084e+00
4.072836456298828267e+01 4.392286614427794120e+02 7.207400939941406932e+02 4.808980742054180837e+02 1.073275224609375073e+03 8.755452327138368673e+02 3.196362353515625045e+02 2.178995092431982084e+00
4.072836456298828267e+01 4.392289364134492189e+02 7.207400939941406932e+02 4.808977992347482768e+02 1.073275224609375073e+03 8.754818379510309114e+02 3.196362353515625045e+02 2.298574914465417507e+00
4.072836456298828267e+01 4.392289364134492189e+02 7.207404785156250000e+02 4.808977992347482768e+02 1.073273588867187527e+03 8.754818379510309114e+02 3.194756591796875114e+02 2.343436821357353761e+00
4.077975997924804830e+01 4.392382304220882929e+02 7.207404785156250000e+02 4.808980742054180837e+02 1.073261893310546839e+03 8.753915310889174179e+02 3.194258251953125409e+02 2.346471239636828354e+00
4.079822044372559020e+01 4.392382304220882929e+02 7.207406982421874773e+02 4.808980742054180837e+02 1.073261893310546839e+03 8.752238417163337090e+02 3.193979687500000182e+02 2.375180437848284587e+00
4.081256446838379048e+01 4.392458196125746213e+02 7.207411926269531932e+02 4.808980742054180837e+02 1.073261893310546839e+03 8.752238417163337090e+02 3.187293115234375023e+02 2.481993028333970841e+00
4.084119071960449077e+01 4.392646276063886148e+02 7.207411926269531932e+02 4.808982941819539292e+02 1.073242591552734439e+03 8.752000380053962090e+02 3.187015917968750500e+02 2.597581289864920429e+00
4.088635826110839844e+01 4.392961117480801931e+02 7.207411926269531932e+02 4.808980742054180837e+02 1.073242591552734439e+03 8.752000380053962090e+02 3.183534033203125091e+02 2.753565594866559607e+00
4.090708465576172159e+01 4.392961117480801931e+02 7.207416320800781477e+02 4.808987891291595247e+02 4.888956958007812545e+02 8.752238417163337090e+02 3.183534033203125091e+02 2.753565594866559607e+00
4.093051643371582315e+01 4.393348551154543316e+02 7.207749755859375682e+02 4.809370100522610869e+02 4.888956958007812545e+02 8.762336589380637406e+02 3.183534033203125091e+02 2.753565594866559607e+00
4.095762863159179545e+01 4.393348551154543316e+02 7.207749755859375682e+02 4.809370100522610869e+02 4.888956958007812545e+02 8.767849070755476077e+02 3.186466650390625546e+02 2.623591389689412523e+00
4.099776992797851705e+01 4.392945444152623509e+02 7.207753601074218750e+02 4.809379449525383734e+02 1.073360855712890725e+03 8.767849070755476077e+02 3.186588671875000500e+02 2.478091900165264594e+00
4.100403213500976562e+01 4.392401002226429227e+02 7.207753601074218750e+02 4.809379449525383734e+02 1.073899342041015643e+03 8.767849070755476077e+02 3.189850097656250227e+02 2.309154697231479592e+00
4.100403213500976562e+01 4.392583582751173026e+02 7.207753601074218750e+02 4.809379449525383734e+02 1.073899342041015643e+03 8.766078925378543545e+02 3.190261621093750364e+02 2.274097095836292937e+00
4.100403213500976562e+01 4.392583582751173026e+02 7.207752502441406932e+02 4.809375599936006438e+02 1.073838656005859548e+03 8.767849070755476077e+02 3.191700244140625387e+02 2.242353212583315436e+00
4.100443725585937926e+01 4.392583582751173026e+02 7.207753601074218750e+02 4.809379449525383734e+02 1.073787457275390580e+03 8.766078925378543545e+02 3.191700244140625387e+02 2.203752744447935008e+00
4.100709114074707173e+01 4.392911622760238970e+02 7.207753601074218750e+02 4.809375599936006438e+02 1.073787457275390580e+03 8.766078925378543545e+02 3.191700244140625387e+02 2.203752744447935008e+00
4.100709114074707173e+01 4.392911622760238970e+02 7.207753601074218750e+02 4.809379449525383734e+02 1.073700762939453170e+03 8.765551317352609431e+02 3.189764306640625477e+02 2.203752744447935008e+00
4.101389236450195597e+01 4.392911622760238970e+02 7.207751953125000455e+02 4.809372850229308938e+02 1.073505046386718732e+03 8.764919823715366647e+02 3.187839306640625523e+02 2.328073461572607084e+00
4.101621665954589702e+01 4.392821157409875923e+02 7.207752502441406932e+02 4.809379999466723348e+02 1.073431683349609330e+03 8.764585262967138988e+02 3.186285498046875091e+02 2.345288149960391255e+00
4.107239799499512145e+01 4.392812908289782285e+02 7.207751953125000455e+02 4.809372850229308938e+02 1.073237275390624973e+03 8.764585262967138988e+02 3.185717089843750500e+02 2.366807844255354176e+00
1.828802993774414176e+02 2.647174809686966910e+02 7.207747009277344432e+02 4.809371750346629710e+02 4.841508575439453352e+02 8.764585262967138988e+02 3.182357568359375364e+02 2.395814482148710844e+00
1.828802993774414176e+02 2.599865830978029067e+02 7.207406982421874773e+02 4.808980192112841223e+02 4.841508575439453352e+02 8.863027922640141014e+02 3.180855371093750250e+02 2.395814482148710844e+00
1.828802993774414176e+02 2.599865830978029067e+02 7.207406982421874773e+02 4.808980192112841223e+02 4.841508575439453352e+02 9.197015255013691331e+02 3.180855371093750250e+02 2.368014408991887088e+00
1.771676147460937614e+02 2.647174809686966910e+02 7.207391601562500227e+02 4.808976892464803541e+02 4.853081860351562682e+02 9.197015255013691331e+02 3.180855371093750250e+02 2.368014408991887088e+00
4.109376983642578551e+01 4.393216565233041706e+02 7.207391601562500227e+02 4.808976892464803541e+02 5.194589660644531932e+02 9.197015255013691331e+02 3.183157714843750341e+02 2.227323572118799166e+00
4.108583908081055114e+01 4.393496485374893155e+02 7.207408630371094205e+02 4.808981291995520451e+02 1.077041848144531286e+03 8.817467947104541963e+02 3.183878906250000114e+02 2.178294842059795844e+00
4.108084030151367472e+01 4.393496485374893155e+02 7.207411376953125455e+02 4.808981291995520451e+02 1.077041848144531286e+03 8.815647903914303924e+02 3.184275732421875205e+02 2.132863131436435022e+00
4.107078437805176208e+01 4.393496485374893155e+02 7.207409179687500682e+02 4.808981291995520451e+02 1.077041848144531286e+03 8.808753825708762406e+02 3.184277099609375341e+02 2.132863131436435022e+00
4.104877738952637145e+01 4.393481361988054346e+02 7.207409179687500682e+02 4.808981291995520451e+02 1.073893862304687673e+03 8.765602033162854241e+02 3.185407421875000296e+02 2.088317337569657095e+00
4.088792381286621236e+01 4.393337277357081803e+02 7.207409179687500682e+02 4.808981291995520451e+02 1.073873251953124964e+03 8.765441705762724496e+02 3.185614550781250500e+02 2.126372810843941252e+00
4.086716308593749858e+01 4.393154696832338004e+02 7.207409179687500682e+02 4.808981291995520451e+02 1.073832440185546830e+03 8.765441705762724496e+02 3.185614550781250500e+02 2.126372810843941252e+00
4.086716308593749858e+01 4.392630877706378101e+02 7.207409179687500682e+02 4.808981291995520451e+02 1.073832440185546830e+03 8.765602033162854241e+02 3.185407421875000296e+02 2.179991715437882505e+00
4.086716308593749858e+01 4.392573683807060547e+02 7.207403686523438182e+02 4.808981841936860064e+02 5.199524285888671784e+02 8.862769435607280002e+02 3.182940332031250250e+02 2.196210047581812930e+00
1.752389236450195256e+02 2.554765416688886432e+02 7.207409179687500682e+02 4.808983491760878906e+02 4.835184387207031591e+02 9.013383940077319494e+02 3.181543750000000159e+02 2.283858719405594595e+00
1.752389236450195256e+02 2.554765416688886432e+02 7.207409179687500682e+02 4.808985141584897178e+02 4.835184387207031591e+02 9.013383940077319494e+02 3.181543750000000159e+02 2.283858719405594595e+00
1.752389236450195256e+02 2.554765416688886432e+02 7.207413024902343750e+02 4.808984591643558133e+02 5.199524285888671784e+02 8.862769435607280002e+02 3.182940332031250250e+02 2.283858719405594595e+00
4.084450035095215270e+01 4.392419975202644764e+02 7.207413024902343750e+02 4.808985691526236792e+02 1.076982061767578216e+03 8.832831565620972469e+02 3.187721386718750409e+02 2.321618353570257920e+00
4.083218536376953267e+01 4.392581657956484378e+02 7.207414672851563182e+02 4.808986241467576406e+02 1.077035795898437527e+03 8.830753853394812722e+02 3.190821142578125205e+02 2.311586500047803749e+00
4.082649993896484375e+01 4.392581657956484378e+02 7.207413574218750227e+02 4.808986791408916019e+02 1.077037840576171902e+03 8.829662645477609431e+02 3.190821142578125205e+02 2.311586500047803749e+00
4.082649993896484375e+01 4.392581657956484378e+02 7.207413574218750227e+02 4.808986791408916019e+02 1.077082823486328152e+03 8.829662645477609431e+02 3.190821142578125205e+02 2.311586500047803749e+00
4.082200927734375284e+01 4.392581108015144764e+02 7.207413574218750227e+02 4.808986791408916019e+02 1.077103597412109366e+03 8.823906401014819494e+02 3.187736425781250205e+02 2.311586500047803749e+00
4.081421585083008097e+01 4.392581108015144764e+02 7.207413574218750227e+02 4.808986241467576406e+02 1.077103597412109366e+03 8.819210280585533610e+02 3.187703271484375023e+02 2.311586500047803749e+00
4.080316772460937358e+01 4.392581108015144764e+02 7.207413574218750227e+02 4.808986791408916019e+02 1.077103597412109366e+03 8.818086352790753608e+02 3.185955664062500432e+02 2.272437035620629597e+00
4.079725914001465270e+01 4.392647650917235183e+02 7.207413574218750227e+02 4.808987341350255633e+02 1.077082823486328152e+03 8.816423365012885824e+02 3.184282226562500568e+02 2.272437035620629597e+00
4.079725914001465270e+01 4.392577808367107650e+02 7.207414123535156705e+02 4.808987341350255633e+02 1.074112642822265798e+03 8.770744779921069494e+02 3.183659472656250387e+02 2.340884442095990003e+00
4.080316772460937358e+01 4.392271216070285504e+02 7.207414123535156705e+02 4.808987341350255633e+02 4.823845831298828557e+02 8.770744779921069494e+02 3.181115136718750023e+02 2.450360651616450003e+00
1.784096603393554688e+02 2.639033478095669807e+02 7.207416870117187955e+02 4.808991190939632929e+02 4.823845831298828557e+02 8.770744779921069494e+02 3.181115136718750023e+02 2.450360651616450003e+00
1.784096603393554688e+02 2.639033478095669807e+02 7.207465209960937500e+02 4.809006589297141545e+02 4.823845831298828557e+02 8.825280635873066331e+02 3.181115136718750023e+02 2.450360651616450003e+00
1.784096603393554688e+02 2.639033478095669807e+02 7.207489929199218750e+02 4.809020887771970933e+02 5.071006884765625387e+02 8.831932586984535192e+02 3.183820117187500500e+02 2.490914084694602515e+00
4.084510803222656250e+01 4.392189274810686470e+02 7.207489929199218750e+02 4.809020887771970933e+02 1.076952700195312673e+03 8.832688416156571520e+02 3.183820117187500500e+02 2.474100072900732084e+00
4.079726600646972656e+01 4.392227495733788487e+02 7.207496520996094205e+02 4.809044535249573187e+02 1.077015349121093777e+03 8.831932586984535192e+02 3.186121435546875205e+02 2.437434163126912523e+00
4.079705657958984233e+01 4.392227495733788487e+02 7.207496520996094205e+02 4.809044535249573187e+02 1.077033914794921884e+03 8.831052422277705318e+02 3.183820117187500500e+02 2.412908860853502091e+00
4.079726600646972656e+01 4.392189274810686470e+02 7.207496520996094205e+02 4.809044535249573187e+02 1.077015349121093777e+03 8.831052422277705318e+02 3.182770117187500318e+02 2.180270748538570835e+00
4.084417762756347514e+01 4.392087535662862479e+02 7.207498718261718977e+02 4.809028037009385343e+02 1.077015349121093777e+03 8.826057732965527975e+02 3.182770117187500318e+02 2.160665338689630843e+00
4.084417762756347514e+01 4.391895331164675440e+02 7.207496520996094205e+02 4.809026937126706116e+02 1.076875574951171984e+03 8.818724390403510824e+02 3.183652636718750273e+02 2.135546757624699588e+00
4.089502029418945739e+01 4.391323117200831803e+02 7.207499267578125455e+02 4.809020887771970933e+02 1.076760173339843732e+03 8.815900664968588671e+02 3.182482324218750023e+02 2.135546757624699588e+00
4.090138893127441833e+01 4.391088292248826406e+02 7.207499267578125455e+02 4.809020887771970933e+02 1.073884129638671993e+03 8.815900664968588671e+02 3.182466943359375477e+02 2.180270748538570835e+00
4.091339492797851562e+01 4.391006625959897747e+02 7.207499267578125455e+02 4.809020887771970933e+02 1.073856976318359330e+03 8.769891609113240065e+02 3.177358105468750296e+02 2.697531960227272929e+00
4.092123985290527344e+01 4.390419838550554346e+02 7.207496520996094205e+02 4.809020337830631320e+02 4.829631451416016148e+02 8.769891609113240065e+02 3.173637988281250273e+02 2.983286930964543338e+00
1.927912307739257756e+02 2.505302042782103058e+02 3.061245231628418040e+01 9.115101035056260059e+01 4.829631451416016148e+02 8.938490594293652975e+02 3.173637988281250273e+02 2.983286930964543338e+00
1.927912307739257756e+02 2.505302042782103058e+02 3.061245231628418040e+01 9.115101035056260059e+01 4.829631451416016148e+02 8.938490594293652975e+02 3.112859667968750159e+02 4.358871566665756703e+00
1.927912307739257756e+02 2.505302042782103058e+02 3.061245231628418040e+01 9.115101035056260059e+01 4.992753387451172102e+02 8.780253994341977659e+02 3.112859667968750159e+02 4.358871566665756703e+00
4.093308105468749858e+01 4.385949090430353863e+02 7.207801391601562955e+02 4.809392098176194281e+02 1.073190084228515616e+03 8.829493320111146204e+02 3.112859667968750159e+02 4.358871566665756703e+00
4.093308105468749858e+01 4.386285654530183251e+02 7.207801391601562955e+02 4.809392098176194281e+02 1.073848143310546902e+03 8.829493320111146204e+02 3.112859667968750159e+02 4.358871566665756703e+00
4.093308105468749858e+01 4.387129264545114893e+02 7.207801391601562955e+02 4.809392098176194281e+02 1.076746760253906359e+03 8.818382467682828292e+02 1.841360253906250080e+02 2.242063380954982676e+02
4.098983230590820170e+01 4.387758397437606277e+02 7.207801391601562955e+02 4.809392098176194281e+02 1.076746760253906359e+03 8.827539125422840698e+02 1.841360253906250080e+02 2.245346986997377883e+02
4.098983230590820170e+01 4.391320917435473348e+02 7.207801391601562955e+02 4.809392098176194281e+02 1.076918022460937664e+03 8.827539125422840698e+02 1.841360253906250080e+02 2.245346986997377883e+02
4.098983230590820170e+01 4.391320917435473348e+02 7.207801391601562955e+02 4.809405296768344442e+02 1.076746760253906359e+03 8.825377977508859431e+02 1.846141137695312580e+02 2.245990289007867204e+02
4.097111434936523722e+01 4.391620635465550322e+02 7.207808532714843750e+02 4.809405296768344442e+02 1.076746760253906359e+03 8.818382467682828292e+02 1.869422119140625114e+02 2.245990289007867204e+02
4.097111434936523722e+01 4.391933002146437843e+02 7.207809631347656705e+02 4.809406946592363283e+02 1.076300202636718723e+03 8.805517011819425761e+02 1.871013696289062693e+02 2.245990289007867204e+02
4.094418754577636577e+01 4.392189824752026084e+02 7.207809631347656705e+02 4.809409696299061352e+02 1.074327252197265580e+03 8.763861335675740065e+02 1.877611401367187796e+02 2.247675712958916279e+02
4.094418754577636577e+01 4.393345526477175440e+02 7.207826110839844205e+02 4.809597776237201288e+02 1.074327252197265580e+03 8.763861335675740065e+02 1.877611401367187796e+02 2.247675712958916279e+02
4.094418754577636577e+01 4.393798678140998391e+02 7.207826110839844205e+02 4.809632422541595247e+02 1.074327252197265580e+03 8.745281353193458926e+02 1.877611401367187796e+02 2.248631105222902136e+02
4.093206138610840128e+01 4.393837449005439453e+02 7.207866760253906477e+02 4.809632972482934861e+02 1.074162205810546993e+03 8.745197917505637406e+02 1.877611401367187796e+02 2.247675712958916279e+02
4.093206138610840128e+01 4.393907841496906599e+02 7.207876647949218523e+02 4.809690166382252414e+02 5.087574090576172239e+02 8.599387509060888988e+02 1.909126269531250273e+02 2.247675712958916279e+02
4.096005249023437500e+01 4.393837449005439453e+02 7.207876647949218523e+02 4.809690166382252414e+02 5.087574090576172239e+02 8.599387509060888988e+02 3.030461328125000477e+02 4.214658681162587754e+02
4.118218574523925923e+01 4.393798678140998391e+02 7.207469604492188182e+02 4.809632422541595247e+02 5.087574090576172239e+02 8.599387509060888988e+02 3.217577685546875159e+02 4.525093558784965353e+02
2.497433532714843807e+02 2.923583301114547908e+02 1.319812866210937443e+02 1.377685134418995290e+02 5.316479852294921784e+02 8.638656270135309114e+02 3.289409716796875500e+02 4.608040933675699762e+02
2.551784271240234432e+02 2.923583301114547908e+02 1.300174392700195369e+02 1.377685134418995290e+02 5.536121997070313228e+02 8.679367159813948547e+02 3.416907812500000432e+02 4.812376051682692832e+02
2.577824890136718636e+02 2.923583301114547908e+02 1.105099502563476648e+02 1.377685134418995290e+02 5.816004028320312500e+02 8.752153345481635824e+02 3.482360888671875614e+02 4.891583806818182438e+02
2.598798065185546875e+02 2.975089982068579388e+02 1.039687454223632841e+02 1.756128229655503219e+02 6.146325396728516353e+02 8.786493674995972469e+02 3.510654833984375500e+02 4.958891499125874702e+02
2.607058135986328011e+02 3.086494623906783090e+02 9.257255172729492188e+01 1.820908844723229549e+02 6.216777221679687955e+02 8.839995582816526394e+02 3.571272851562500250e+02 5.104184194711538680e+02
2.653499542236328352e+02 3.163749558380439453e+02 9.010705490112304972e+01 1.897550319632572382e+02 6.323536798095703944e+02 8.864123220542041963e+02 3.593903222656250591e+02 5.188746653736887993e+02
2.658477722167968977e+02 3.204132300887904989e+02 8.970180358886719318e+01 1.897550319632572382e+02 6.505697955322266353e+02 8.920920020034632216e+02 3.671999023437500114e+02 5.266326349431818699e+02
2.673356781005859375e+02 3.274825885238907972e+02 8.670489120483398438e+01 1.984616207604522060e+02 6.605511761474609784e+02 8.979274285699902975e+02 3.751214208984375205e+02 5.314663120083042713e+02
2.691957183837890852e+02 3.299877638051941062e+02 8.663486709594727131e+01 2.082317823598816062e+02 6.605511761474609784e+02 8.979274285699902975e+02 3.849953857421875227e+02 5.327487161276224015e+02
2.722794708251953466e+02 3.305973187859961513e+02 8.595339202880859375e+01 2.094664006672621497e+02 6.616335058593750773e+02 8.998205188869200128e+02 3.926627441406250227e+02 5.327487161276224015e+02
2.722794708251953466e+02 3.305973187859961513e+02 8.663486709594727131e+01 2.094664006672621497e+02 6.648101989746094205e+02 9.025806859596488039e+02 3.926627441406250227e+02 5.327487161276224015e+02
2.722794708251953466e+02 3.305973187859961513e+02 8.663486709594727131e+01 2.094664006672621497e+02 9.553891662597657159e+02 9.469277356334567912e+02 3.926627441406250227e+02 5.327487161276224015e+02
2.722794708251953466e+02 3.291665089057167393e+02 8.843432464599609943e+01 2.094664006672621497e+02 9.553891662597657159e+02 9.469277356334567912e+02 3.926627441406250227e+02 5.280710500437063502e+02
2.720501586914062386e+02 3.291665089057167393e+02 1.005052436828613338e+02 2.094664006672621497e+02 9.553891662597657159e+02 9.469277356334567912e+02 3.925681689453125500e+02 5.280710500437063502e+02
2.709939880371093750e+02 3.291665089057167393e+02 1.052775878906250000e+02 2.230190450518611271e+02 9.364156201171875864e+02 9.014173307123871837e+02 3.373068945312500091e+02 5.264530293924825628e+02
2.720501586914062386e+02 4.212239119493920612e+02 1.290177246093749943e+02 3.421490016064952897e+02 9.181640905761719296e+02 8.602802646283021204e+02 3.106867968750000273e+02 5.257895132211539249e+02
2.786528594970703239e+02 4.212239119493920612e+02 1.441839385986328068e+02 3.421490016064952897e+02 8.944371594238282341e+02 8.276802236026094306e+02 3.172228076171875273e+02 4.557224086948208353e+00
2.877146301269531250e+02 4.212239119493920612e+02 1.441839385986328068e+02 3.331742064179820773e+02 8.746917065429687455e+02 8.184794758275611457e+02 3.106867968750000273e+02 4.555868935751748339e+00
3.051231536865234375e+02 4.112341450245306760e+02 1.441839385986328068e+02 3.331742064179820773e+02 8.541592980957032069e+02 8.138433963736307533e+02 3.106867968750000273e+02 4.528876351309823356e+00
3.183518463134765852e+02 3.953120508812393155e+02 1.593852813720703239e+02 3.146129437859961513e+02 8.209633007812500409e+02 8.138433963736307533e+02 3.107604882812500477e+02 4.493291894872705861e+00
3.276673736572265625e+02 3.792517839763758616e+02 1.611365707397461051e+02 2.837648367507465537e+02 7.716430566406249909e+02 8.138433963736307533e+02 3.108963525390625477e+02 4.493291894872705861e+00
3.276673736572265625e+02 3.785743112401343637e+02 1.611365707397461051e+02 2.814086405783382929e+02 7.676825976562500955e+02 8.186838932627254053e+02 3.107604882812500477e+02 4.494772957755135856e+00
3.276673736572265625e+02 3.755711640758319163e+02 1.611365707397461051e+02 2.754384773957444281e+02 7.618368640136719705e+02 8.207654500745005635e+02 3.108963525390625477e+02 4.528876351309823356e+00
3.268735565185547216e+02 3.690545516811540097e+02 1.576374801635742244e+02 2.710566272930887521e+02 7.618368640136719705e+02 8.207654500745005635e+02 3.108963525390625477e+02 4.494772957755135856e+00
3.237973846435547216e+02 3.674801796141744603e+02 1.572762771606445256e+02 2.679210542542128906e+02 7.577708996582031205e+02 8.207654500745005635e+02 3.106997509765625409e+02 4.494772957755135856e+00
