3.735408691406250341e+02 4.471712717310153380e+02 2.114408248901367244e+02 3.740848926114547908e+02 8.964562377929687500e+02 7.616012856394974051e+02 3.015227099609375045e+02 2.000357887961647929e+00
3.735506744384765625e+02 4.471712717310153380e+02 2.114422256469726733e+02 3.740883847389611674e+02 8.964896069335937909e+02 7.616012856394974051e+02 3.015242138671875409e+02 2.085753754302338336e+00
3.735506744384765625e+02 4.471794383599082607e+02 2.114425689697265796e+02 3.740883847389611674e+02 8.965643603515625273e+02 7.616012856394974051e+02 3.015612988281250182e+02 2.085753754302338336e+00
3.735525970458984375e+02 4.471794383599082607e+02 2.114425689697265796e+02 3.740848926114547908e+02 8.965643603515625273e+02 7.614645165512241647e+02 3.015623242187500068e+02 2.085753754302338336e+00
3.735631713867187500e+02 4.471800707924488165e+02 2.114431045532226676e+02 3.740697692246160386e+02 8.965696765136718795e+02 7.614645165512241647e+02 3.015623242187500068e+02 2.076502446528081247e+00
3.735631713867187500e+02 4.471886498773463927e+02 2.114437637329101562e+02 3.740681194005972543e+02 8.965696765136718795e+02 7.614645165512241647e+02 3.015612988281250182e+02 2.076502446528081247e+00
3.735643798828124886e+02 4.471886498773463927e+02 2.116716476440429631e+02 3.739947572258959099e+02 8.965696765136718795e+02 7.615037804043168990e+02 3.015766796875000182e+02 2.076502446528081247e+00
3.735670166015625000e+02 4.471886498773463927e+02 2.116731445312500171e+02 3.739947572258959099e+02 8.965781823730469569e+02 7.616259073473743229e+02 3.015356982421875500e+02 2.082138061523437500e+00
3.735731689453124886e+02 4.471886498773463927e+02 2.116733917236328182e+02 3.739947572258959099e+02 8.965830895996094796e+02 7.616848849267074684e+02 3.015313916015625182e+02 2.082138061523437500e+00
3.735731689453124886e+02 4.471830404756825601e+02 2.116741607666015739e+02 3.739968195059193476e+02 8.966491735839844068e+02 7.617422265121616647e+02 3.014666210937500068e+02 2.089476952185997938e+00
3.735731689453124886e+02 4.471802632719176245e+02 2.116748886108398438e+02 3.739968195059193476e+02 8.966658581542969841e+02 7.617443533042041963e+02 3.014544873046875182e+02 2.082138061523437500e+00
3.735731689453124886e+02 4.471802632719176245e+02 2.116741607666015739e+02 3.739968195059193476e+02 8.966806616210938046e+02 7.617443533042041963e+02 3.014421484375000091e+02 2.080258989667559177e+00
3.735736633300781477e+02 4.472065779650170612e+02 2.116748886108398438e+02 3.739904951805140740e+02 8.966806616210938046e+02 7.617422265121616647e+02 3.014421484375000091e+02 2.077003425651497093e+00
3.735753112792968977e+02 4.472599772690912800e+02 2.116862731933593693e+02 3.737899865680993798e+02 8.971349072265625182e+02 7.611655386698614620e+02 3.014178125000000250e+02 2.062238146375109604e+00
3.735940704345703125e+02 4.473083446099082607e+02 2.117673797607421875e+02 3.737899865680993798e+02 8.974767773437500864e+02 7.611478699359696520e+02 3.014178125000000250e+02 2.062238146375109604e+00
3.736149444580078125e+02 4.473083446099082607e+02 2.118231903076171818e+02 3.737899865680993798e+02 8.978286254882813182e+02 7.608601804123710508e+02 3.014178125000000250e+02 2.061361833052201664e+00
3.736149444580078125e+02 4.473315521344389936e+02 2.118930221557617131e+02 3.740410072925554346e+02 8.979934265136719205e+02 7.604631246979703292e+02 3.015023388671875182e+02 2.057702391297667521e+00
3.736233215332031250e+02 4.474040893971309742e+02 2.131733276367187671e+02 3.746563366574231964e+02 8.987248486328126091e+02 7.598300768665430951e+02 3.018778710937500023e+02 2.004564191911604176e+00
3.736149444580078125e+02 4.473083446099082607e+02 2.134482879638671875e+02 3.755435020264504828e+02 8.990432458496094341e+02 7.579271705863401394e+02 3.018904492187500068e+02 1.999074495755709391e+00
3.736039031982422216e+02 4.473029001906463122e+02 2.135437042236328296e+02 3.755435020264504828e+02 8.990432458496094341e+02 7.578784997684439304e+02 3.018958837890625091e+02 1.995022380268657303e+00
3.735827819824218636e+02 4.467912072712243798e+02 2.136185760498046875e+02 3.755435020264504828e+02 8.990432458496094341e+02 7.578475794841333482e+02 3.018958837890625091e+02 1.999074495755709391e+00
3.735827819824218636e+02 4.467164427461070773e+02 2.136185760498046875e+02 3.748784854615507811e+02 8.986813378906250591e+02 7.575375586440882216e+02 3.019115380859375364e+02 2.004564191911604176e+00
3.735146667480468636e+02 4.465248431833937843e+02 2.145414276123046875e+02 3.744624548381505633e+02 8.979558044433593977e+02 7.554284353354541963e+02 3.021270751953125568e+02 1.995022380268657303e+00
3.735827819824218636e+02 4.454197360614867875e+02 2.147895538330078296e+02 3.738443207724509421e+02 8.976171240234375546e+02 7.532933815238401394e+02 3.021737304687500227e+02 2.029566464724240848e+00
3.735827819824218636e+02 4.454197360614867875e+02 2.149908233642578068e+02 3.738443207724509421e+02 8.974464343261719250e+02 7.532225429888852659e+02 5.766728515625000000e+02 6.851244946459790981e+02
3.736299682617187727e+02 4.454197360614867875e+02 2.153982238769531250e+02 3.738443207724509421e+02 8.974464343261719250e+02 7.479535793029155002e+02 5.774295214843750728e+02 6.851824054851399524e+02
3.736299682617187727e+02 4.468609123360174635e+02 2.170729110717773551e+02 3.749567421141744603e+02 8.976171240234375546e+02 7.424646562399323102e+02 5.766728515625000000e+02 6.860516826923077360e+02
3.746246154785156364e+02 4.478101110881505633e+02 2.197986190795898551e+02 3.784039669101962318e+02 9.012354675292968977e+02 7.377145480126449684e+02 5.766728515625000000e+02 6.878708205856644327e+02
3.750686279296875227e+02 4.492926429514184861e+02 2.233094650268554631e+02 3.816611044821885343e+02 9.035824304199219341e+02 7.289710605267396204e+02 5.749428808593750091e+02 6.908738527097902988e+02
3.786454467773437500e+02 4.531269989534449678e+02 2.282926025390625000e+02 3.858048849789355472e+02 9.106080249023438000e+02 7.183757097696519622e+02 5.729355078125000773e+02 6.966079135708042713e+02
3.823423187255859261e+02 4.546983463430566985e+02 2.342537292480468807e+02 3.900153183660409582e+02 9.143933776855469659e+02 7.077763508275611457e+02 5.729355078125000773e+02 6.995696295891608543e+02
3.846178070068359602e+02 4.575218276717150161e+02 2.418290496826171818e+02 3.959059325338630515e+02 9.265326293945313409e+02 6.997073836179123418e+02 5.729355078125000773e+02 7.049011145104896059e+02
3.876345428466797216e+02 4.620758369107294925e+02 2.522468902587890796e+02 3.988087703978242189e+02 9.307058984375000819e+02 6.848025386849628831e+02 5.748518261718750182e+02 7.079595989947553107e+02
3.936705139160156364e+02 4.643717320152516663e+02 2.607796417236328352e+02 4.047133255786049517e+02 9.348193811035156386e+02 6.592593981556055951e+02 5.778006445312501000e+02 7.110784527972028854e+02
3.992589294433593636e+02 4.680157533196459099e+02 2.709942901611328239e+02 4.113970101522504024e+02 9.364386022949219068e+02 6.366305353223661996e+02 5.812236035156250864e+02 7.166376201923077360e+02
4.047887603759765511e+02 4.696189973069539292e+02 2.754097229003906477e+02 4.114971269731228745e+02 9.427342468261718977e+02 6.257524439231635824e+02 5.845121679687500773e+02 7.215887920673077360e+02
4.087024749755859716e+02 4.725551891131612479e+02 2.902244018554687841e+02 4.117981098682806760e+02 9.446305627441406614e+02 6.103351648075064304e+02 5.881009667968750136e+02 7.249682446459790981e+02
4.126620849609375341e+02 4.729751793142064571e+02 2.988651489257812841e+02 4.170459525983894764e+02 9.500706323242187636e+02 5.912950999466413577e+02 5.881009667968750136e+02 7.293634588068182438e+02
4.155149322509765852e+02 4.737735291568899356e+02 3.045171478271484489e+02 4.196915004066232768e+02 9.537860571289063500e+02 5.789251866291477882e+02 5.881009667968750136e+02 7.326416357080420312e+02
4.155149322509765852e+02 4.758274500719923026e+02 3.092311340332031477e+02 4.227165902303754024e+02 9.563329895019531932e+02 5.717843596468266014e+02 5.867318652343750500e+02 7.357273683347902988e+02
4.155149322509765852e+02 4.766189256479308938e+02 3.121962615966796761e+02 4.246146577698378906e+02 9.570402844238282114e+02 5.666378501026899812e+02 5.826448632812500819e+02 7.377398382867133932e+02
4.152691406250000341e+02 4.782066612894624313e+02 3.121962615966796761e+02 4.254100654263544925e+02 9.571910180664062864e+02 5.645886041700225633e+02 5.763902539062501091e+02 7.415967821241259799e+02
4.115796569824219091e+02 4.792996697018984378e+02 3.121962615966796761e+02 4.279366334257679227e+02 9.605067492675781295e+02 5.645886041700225633e+02 5.705565332031250136e+02 7.438322224650349881e+02
4.090379150390625114e+02 4.806733131799274474e+02 3.103204833984374886e+02 4.306373953444965537e+02 9.626171838378907069e+02 5.645886041700225633e+02 5.654000146484376046e+02 7.438692362325175509e+02
4.065134216308593977e+02 4.830711674088096856e+02 3.049631378173828011e+02 4.308198108868386953e+02 9.647938659667969432e+02 5.659899556268121614e+02 5.606994531250001046e+02 7.482296902316434171e+02
4.038338562011718977e+02 4.841516921528370290e+02 3.026649353027343636e+02 4.339010497213630515e+02 9.698411120605469478e+02 5.663732280927835063e+02 5.547628857421875637e+02 7.516612489073427241e+02
4.017320068359375114e+02 4.859906959924274474e+02 3.008744659423828125e+02 4.357969174954671416e+02 9.724534741210937909e+02 5.664271340910920571e+02 5.537462792968750591e+02 7.541432200611889130e+02
4.008917175292968977e+02 4.871802741040955311e+02 2.993497283935546989e+02 4.410887005386092028e+02 9.759265637207031432e+02 5.674340883235340698e+02 5.521113623046875318e+02 7.579219706075175509e+02
4.002554443359375114e+02 4.886107815166382125e+02 2.981511199951171989e+02 4.435465258705738165e+02 9.808567724609375773e+02 5.674340883235340698e+02 5.509849707031251000e+02 7.600481452141608543e+02
4.001386322021484716e+02 4.887901723816125923e+02 2.978022766113281250e+02 4.436834887611988165e+02 9.871598596191406614e+02 5.674340883235340698e+02 5.500173437500000091e+02 7.613262128496504602e+02
4.001386322021484716e+02 4.896459361001492994e+02 2.976681060791015625e+02 4.442471786342790097e+02 9.873303857421875591e+02 5.667651304264658165e+02 5.500173437500000091e+02 7.618706293706294446e+02
4.000201171875000341e+02 4.898174628039675440e+02 2.976681060791015625e+02 4.447166085617533895e+02 9.891192333984375864e+02 5.664531463937660192e+02 5.500173437500000091e+02 7.618706293706294446e+02
4.002554443359375114e+02 4.899122176967790097e+02 2.975416259765625000e+02 4.451830413089270451e+02 9.891192333984375864e+02 5.664531463937660192e+02 5.500462255859375773e+02 7.618706293706294446e+02
4.002618438720703011e+02 4.900461284129692672e+02 2.975416259765625000e+02 4.455033271451044925e+02 9.891192333984375864e+02 5.666285249375805506e+02 5.514083544921875273e+02 7.616012210445804840e+02
4.004051330566406364e+02 4.902742440806313766e+02 2.975416259765625000e+02 4.455863132932486792e+02 9.888904748535156841e+02 5.666285249375805506e+02 5.521255468750000546e+02 7.611534364073427241e+02
4.007271697998046989e+02 4.909226799141424635e+02 2.979544372558593750e+02 4.455863132932486792e+02 9.888904748535156841e+02 5.667866846458198324e+02 5.524210644531250409e+02 7.610507949082168579e+02
4.007369476318359602e+02 4.912809117027516663e+02 2.979750640869140739e+02 4.456014366800874313e+02 9.885439428710938046e+02 5.669686480649967280e+02 5.524707275390625227e+02 7.610507949082168579e+02
4.007371948242187614e+02 4.917279590177047339e+02 2.979885498046875227e+02 4.456014366800874313e+02 9.885439428710938046e+02 5.673910616845199684e+02 5.529447314453125273e+02 7.610507949082168579e+02
4.007736694335937386e+02 4.921326608495093637e+02 2.981157165527343977e+02 4.456890423354842028e+02 9.883828222656250091e+02 5.673910616845199684e+02 5.534181201171875273e+02 7.611408025568182438e+02
4.009176727294922102e+02 4.921326608495093637e+02 2.982226959228515852e+02 4.456321234068365698e+02 9.883205004882812545e+02 5.673910616845199684e+02 5.535577441406250045e+02 7.611408025568182438e+02
4.009503021240234375e+02 4.921326608495093637e+02 2.982837249755859261e+02 4.456321234068365698e+02 9.882307800292969659e+02 5.673719614559842057e+02 5.537514404296875909e+02 7.611408025568182438e+02
4.009607940673828352e+02 4.918817226162542511e+02 2.983058898925781364e+02 4.456413074272077779e+02 9.881341076660156659e+02 5.669983004540512184e+02 5.537805957031250728e+02 7.608603310751748268e+02
4.010685699462890739e+02 4.918770481148677050e+02 2.983256378173828125e+02 4.456321234068365698e+02 9.881341076660156659e+02 5.669983004540512184e+02 5.537925244140625409e+02 7.608313073645105078e+02
4.011377563476562500e+02 4.917893324712030676e+02 2.983534057617187614e+02 4.456298411502772865e+02 9.880452868652344023e+02 5.668878708672277753e+02 5.538372656250001000e+02 7.608313073645105078e+02
4.011739837646484261e+02 4.915093573352175440e+02 2.984005920410156136e+02 4.455894204618173831e+02 9.881341076660156659e+02 5.668878708672277753e+02 5.538658056640625773e+02 7.608313073645105078e+02
4.011739837646484261e+02 4.913148430834044120e+02 2.984638732910156591e+02 4.455380284436326406e+02 9.881341076660156659e+02 5.669465212477850855e+02 5.538755126953125227e+02 7.608313073645105078e+02
4.011739837646484261e+02 4.913030743387371899e+02 2.984791717529296875e+02 4.454488004612841223e+02 9.881152966308594614e+02 5.669686889648437500e+02 5.540162304687501091e+02 7.608313073645105078e+02
4.011739837646484261e+02 4.911762028716936470e+02 2.984912292480468636e+02 4.454488004612841223e+02 9.880816821289063228e+02 5.669465212477850855e+02 5.540180078125000591e+02 7.607928594842658185e+02
4.011601135253906136e+02 4.911762028716936470e+02 2.985054840087890966e+02 4.454488004612841223e+02 9.880816821289063228e+02 5.669465212477850855e+02 5.540446679687501046e+02 7.607570749562937635e+02
4.011601135253906136e+02 4.911762028716936470e+02 2.985510223388671989e+02 4.454488004612841223e+02 9.879090295410156841e+02 5.668183411273759020e+02 5.541329199218751000e+02 7.607570749562937635e+02
4.011601135253906136e+02 4.913225972562926245e+02 2.985616241455078352e+02 4.454375816579564571e+02 9.878462170410157341e+02 5.668183411273759020e+02 5.541860693359375318e+02 7.607552993881118937e+02
4.011656890869140852e+02 4.913443749333404185e+02 2.985616241455078352e+02 4.454131642624786309e+02 9.878445812988281887e+02 5.668167460333439749e+02 5.541956738281251091e+02 7.607550262237763263e+02
4.011656890869140852e+02 4.914282959817619485e+02 2.985631896972656136e+02 4.454131642624786309e+02 9.878445812988281887e+02 5.667895476351078514e+02 5.542059619140625273e+02 7.607570749562937635e+02
4.011666503906250227e+02 4.914563429900810547e+02 2.985699188232421761e+02 4.454072248960110869e+02 9.878462170410157341e+02 5.667487295878302120e+02 5.542457470703125182e+02 7.607652698863637397e+02
4.011707427978515739e+02 4.914896694352602253e+02 2.985805755615234602e+02 4.453923764798421416e+02 9.878445812988281887e+02 5.668167460333439749e+02 5.542499511718750682e+02 7.607908790428322163e+02
4.011792297363281250e+02 4.914896694352602253e+02 2.985877166748047102e+02 4.453848697805566985e+02 9.878795043945312955e+02 5.667449259020618229e+02 5.542915478515625409e+02 7.607908790428322163e+02
4.011793945312500114e+02 4.914896694352602253e+02 2.985877166748047102e+02 4.453608373440166019e+02 9.878938989257812864e+02 5.667363369341977659e+02 5.542950000000000728e+02 7.607908790428322163e+02
4.011793945312500114e+02 4.914893944645904185e+02 2.985805755615234602e+02 4.453568502693045730e+02 9.883874841308594341e+02 5.667183410015302343e+02 5.543304443359375000e+02 7.607453971809441100e+02
4.011805480957031591e+02 4.914869747226962318e+02 2.985727752685547216e+02 4.453475012665315376e+02 9.884047412109375728e+02 5.667363369341977659e+02 5.543631201171875773e+02 7.607395924388112007e+02
4.011819763183593750e+02 4.914461690752985987e+02 2.985484130859375114e+02 4.453149172421608455e+02 9.885212878417969478e+02 5.667363369341977659e+02 5.543965820312500909e+02 7.607333779501748268e+02
4.011837890625000114e+02 4.914136675421288487e+02 2.985474517822265739e+02 4.453122500266638326e+02 9.888085241699219523e+02 5.666382591011597469e+02 5.544126464843750455e+02 7.607236123251748268e+02
4.011837890625000114e+02 4.914050884572312157e+02 2.985474517822265739e+02 4.453057882159235987e+02 9.889059326171875455e+02 5.666042304284793545e+02 5.545213378906250909e+02 7.606137319711539249e+02
4.011819763183593750e+02 4.914050884572312157e+02 2.985484130859375114e+02 4.453122500266638326e+02 9.893304895019531386e+02 5.665533919186935918e+02 5.545960205078125682e+02 7.606121612762237874e+02
4.011794494628906591e+02 4.914136675421288487e+02 2.985856018066406250e+02 4.453122500266638326e+02 9.894638842773438228e+02 5.665522467229783388e+02 5.547106250000000500e+02 7.605582796110140862e+02
4.011794494628906591e+02 4.915399890678327210e+02 2.985856018066406250e+02 4.453382072578924635e+02 9.894693640136719068e+02 5.665518786243555951e+02 5.547106250000000500e+02 7.605374508304196297e+02
4.011794494628906591e+02 4.915597869560580193e+02 2.986160064697265852e+02 4.453382072578924635e+02 9.897228222656250409e+02 5.664530236942251804e+02 5.547106250000000500e+02 7.604964761800699762e+02
4.011766479492187614e+02 4.916008125799914410e+02 2.986164184570312727e+02 4.453382072578924635e+02 9.900241259765625728e+02 5.660991582182264210e+02 5.546805126953125864e+02 7.604768083479021925e+02
4.011766479492187614e+02 4.916008125799914410e+02 2.986063385009765625e+02 4.453062006719283090e+02 9.900241259765625728e+02 5.660271335877093861e+02 5.546469824218750091e+02 7.604661549388112007e+02
4.011766479492187614e+02 4.916008125799914410e+02 2.986164184570312727e+02 4.453062006719283090e+02 9.900241259765625728e+02 5.659794443661404557e+02 5.545297119140625455e+02 7.604545454545454959e+02
4.011694519042968636e+02 4.915823895451151770e+02 2.986240814208984489e+02 4.453062006719283090e+02 9.896801293945312636e+02 5.656502823977125445e+02 5.545287548828125637e+02 7.604152097902098149e+02
4.011694519042968636e+02 4.915823895451151770e+02 2.986387207031249886e+02 4.453268509692299517e+02 9.896801293945312636e+02 5.655788712649000445e+02 5.545052050781250728e+02 7.604152097902098149e+02
4.011694519042968636e+02 4.915823895451151770e+02 2.986477294921875227e+02 4.454130267771437843e+02 9.896801293945312636e+02 5.655086462276498196e+02 5.545287548828125637e+02 7.604152097902098149e+02
4.011740386962890739e+02 4.916272647584257243e+02 2.986477294921875227e+02 4.454461332457871094e+02 9.897944677734375318e+02 5.652958034240092502e+02 5.545026416015625728e+02 7.604302338286713621e+02
4.011754669189453466e+02 4.916526170541808938e+02 2.986387207031249886e+02 4.454461332457871094e+02 9.898398596191407250e+02 5.652102818439915382e+02 5.544858935546875500e+02 7.605623087849651256e+02
4.011876068115234375e+02 4.916526170541808938e+02 2.986387207031249886e+02 4.454847116307593637e+02 9.901306945800781705e+02 5.651889321238724051e+02 5.544715722656250136e+02 7.605623087849651256e+02
4.011876068115234375e+02 4.916272647584257243e+02 2.986531402587890511e+02 4.454926857801834217e+02 9.902270397949218932e+02 5.649427968447970443e+02 5.541649804687500591e+02 7.605623087849651256e+02
4.012366882324218977e+02 4.915711157476535504e+02 2.986531402587890511e+02 4.455494947205631320e+02 9.902411889648437864e+02 5.649427968447970443e+02 5.541489501953125227e+02 7.605083588286713621e+02
4.012754150390625227e+02 4.915100722589590418e+02 2.986760467529297216e+02 4.455683302114441062e+02 9.902602453613282023e+02 5.649282364992750445e+02 5.541260498046875682e+02 7.605032369973777122e+02
4.012754150390625227e+02 4.914531533303114088e+02 2.987271606445312386e+02 4.456446895664462318e+02 9.902602453613282023e+02 5.649282364992750445e+02 5.541026025390625591e+02 7.604843203671329093e+02
4.012754150390625227e+02 4.914232915155716341e+02 2.987596252441406364e+02 4.456594279943472543e+02 9.902602453613282023e+02 5.649667232552753831e+02 5.540751904296876091e+02 7.604843203671329093e+02
4.012827758789062500e+02 4.914120727122440258e+02 2.987596252441406364e+02 4.456735614867747017e+02 9.906085766601563591e+02 5.649722856344635602e+02 5.540503076171875136e+02 7.604802911931818699e+02
4.012797821044921989e+02 4.912942202831698069e+02 2.987596252441406364e+02 4.456735614867747017e+02 9.908011035156250728e+02 5.649722856344635602e+02 5.540157177734375864e+02 7.604802911931818699e+02
4.012797821044921989e+02 4.910165549008105472e+02 2.987187835693359261e+02 4.456735614867747017e+02 9.909448852539063637e+02 5.649722856344635602e+02 5.540134619140625318e+02 7.604843203671329093e+02
4.012797821044921989e+02 4.910165549008105472e+02 2.986714599609375114e+02 4.454283151463843637e+02 9.909409594726563455e+02 5.648816515735743451e+02 5.539909033203125546e+02 7.605164854676573896e+02
4.012797821044921989e+02 4.910165549008105472e+02 2.986622039794921761e+02 4.454176737814632929e+02 9.911153295898437818e+02 5.648505267900289937e+02 5.539546044921875136e+02 7.605319875437063502e+02
4.012302612304687841e+02 4.910165549008105472e+02 2.986622039794921761e+02 4.454042002186433251e+02 9.911331591796875955e+02 5.647908539132972692e+02 5.538793066406250318e+02 7.606162587412587754e+02
4.011542358398437500e+02 4.910165549008105472e+02 2.986640716552734602e+02 4.453606448645477940e+02 9.913113732910156841e+02 5.647908539132972692e+02 5.537435791015625455e+02 7.607542750218532319e+02
4.011348999023437614e+02 4.910124853348975762e+02 2.986622039794921761e+02 4.453606448645477940e+02 9.913786022949219614e+02 5.647763344676224051e+02 5.536916943359375409e+02 7.607804987980770193e+02
4.010946350097656250e+02 4.908417835430886953e+02 2.986537170410156250e+02 4.453606448645477940e+02 9.914094360351563182e+02 5.647763344676224051e+02 5.536916943359375409e+02 7.608036494755244803e+02
4.010399780273437500e+02 4.907818399370733573e+02 2.986517669677734261e+02 4.453798653143664410e+02 9.914094360351563182e+02 5.647026738432264210e+02 5.536916943359375409e+02 7.608651114510489606e+02
4.010309143066406250e+02 4.907818399370733573e+02 2.986517669677734261e+02 4.456083109468323187e+02 9.913786022949219614e+02 5.646980112606717057e+02 5.536964453125000318e+02 7.609094323645105078e+02
4.010222351074218636e+02 4.907818399370733573e+02 2.986517669677734261e+02 4.456632775837243798e+02 9.913422888183594068e+02 5.646847188104059114e+02 5.536633935546875591e+02 7.609341537368882200e+02
4.009947143554687727e+02 4.910417422141638326e+02 2.988220001220703352e+02 4.456652848696139131e+02 9.911097680664063319e+02 5.646847188104059114e+02 5.536633935546875591e+02 7.609568263767482676e+02
4.009874633789062841e+02 4.910614851082551127e+02 2.988220001220703352e+02 4.458334569312606277e+02 9.909165051269532114e+02 5.646847188104059114e+02 5.535759960937500637e+02 7.609833233173077360e+02
4.009773010253906591e+02 4.911595946432380515e+02 2.988220001220703352e+02 4.458648035876173026e+02 9.909165051269532114e+02 5.648004653773356267e+02 5.534107031250000546e+02 7.610834380463287516e+02
4.009695007324218636e+02 4.911595946432380515e+02 2.984308044433593636e+02 4.488814243147397747e+02 9.909165051269532114e+02 5.648300768665430951e+02 5.533669873046875409e+02 7.611979621940560037e+02
4.008747711181640625e+02 4.913891951525170612e+02 2.984308044433593636e+02 4.491130596069752414e+02 9.909596887207031841e+02 5.648838192654638988e+02 5.533669873046875409e+02 7.612593558784965353e+02
4.008747711181640625e+02 4.914420445152516663e+02 2.984308044433593636e+02 4.491130596069752414e+02 9.912484790039062545e+02 5.649422651467863261e+02 5.533669873046875409e+02 7.612652972027972282e+02
4.008747711181640625e+02 4.917552361081484378e+02 2.984477783203125227e+02 4.491130596069752414e+02 9.917510607910156750e+02 5.648838192654638988e+02 5.533850000000001046e+02 7.613246421547203227e+02
4.008846313476562386e+02 4.919564596443045730e+02 2.984477783203125227e+02 4.489758492427474152e+02 9.920045190429688091e+02 5.648300768665430951e+02 5.533960400390625409e+02 7.614959844842658185e+02
4.008902893066406250e+02 4.919678434300341223e+02 2.984965850830078011e+02 4.489758492427474152e+02 9.922421923828125045e+02 5.648258641823050539e+02 5.534274169921875455e+02 7.616153572989511531e+02
4.008977600097656477e+02 4.920440103055673831e+02 2.984965850830078011e+02 4.489758492427474152e+02 9.924253137207032296e+02 5.647095859173646204e+02 5.534274169921875455e+02 7.616586538461539249e+02
4.008902893066406250e+02 4.920440103055673831e+02 2.984965850830078011e+02 4.489820085857508616e+02 9.924253137207032296e+02 5.645430008406491424e+02 5.534274169921875455e+02 7.618616832386363740e+02
4.008846313476562386e+02 4.919678434300341223e+02 2.984965850830078011e+02 4.490276812140038487e+02 9.924253137207032296e+02 5.645369067634503608e+02 5.533974414062500955e+02 7.619496421547203227e+02
4.007814697265625341e+02 4.913237521331058133e+02 2.985046600341797216e+02 4.491004384532316180e+02 9.925030114746094796e+02 5.644897901397390569e+02 5.533406689453125864e+02 7.619639149912587754e+02
4.007267303466796875e+02 4.910426221203071577e+02 2.985286926269531591e+02 4.498154446859001609e+02 9.924729138183594159e+02 5.641237774091897563e+02 5.531837841796875637e+02 7.619639149912587754e+02
4.006678161621093750e+02 4.908203908249786309e+02 2.985286926269531591e+02 4.499018679674168197e+02 9.922247717285156341e+02 5.640180104049210286e+02 5.531378466796875273e+02 7.619811243444056572e+02
4.006505676269531477e+02 4.907888241920861674e+02 2.985517639160156591e+02 4.501236318126066180e+02 9.923546496582031295e+02 5.639834500342300316e+02 5.531088281250000591e+02 7.620115138767482676e+02
4.006164825439453239e+02 4.907888241920861674e+02 2.985517639160156591e+02 4.502541878866254024e+02 9.924729138183594159e+02 5.639834500342300316e+02 5.531088281250000591e+02 7.621293842875874134e+02
4.006164825439453239e+02 4.907796951658489775e+02 2.985549224853515966e+02 4.502951860134919002e+02 9.924729138183594159e+02 5.640132251228253608e+02 5.531088281250000591e+02 7.623708615603147791e+02
4.006164825439453239e+02 4.907888241920861674e+02 2.985825256347656591e+02 4.505411197805566985e+02 9.926853149414063182e+02 5.640180104049210286e+02 5.532262695312500682e+02 7.624046656468532319e+02
4.006386474609375341e+02 4.908086770744453702e+02 2.985833221435547102e+02 4.509315231375319968e+02 9.928461083984375364e+02 5.640132251228253608e+02 5.532262695312500682e+02 7.624046656468532319e+02
4.006742980957031364e+02 4.908478878919581803e+02 2.986158691406250227e+02 4.512389403463630515e+02 9.931209130859375591e+02 5.640488897893845888e+02 5.532262695312500682e+02 7.624046656468532319e+02
4.006841857910156364e+02 4.909386282129905794e+02 2.986158691406250227e+02 4.512389403463630515e+02 9.931209130859375591e+02 5.640488897893845888e+02 5.532382324218750682e+02 7.622897317526224015e+02
4.006900909423828239e+02 4.909494070632465537e+02 2.986158691406250227e+02 4.512389403463630515e+02 9.933369128417969023e+02 5.640488897893845888e+02 5.532377880859376091e+02 7.622727955638112007e+02
4.006983032226562500e+02 4.910411922728242189e+02 2.985778839111328011e+02 4.508666300594603058e+02 9.935651806640626091e+02 5.636854537491944939e+02 5.531927050781250728e+02 7.622727955638112007e+02
4.007053894042969091e+02 4.910561506772610869e+02 2.985182830810546761e+02 4.507777320419154989e+02 9.934638464355468841e+02 5.636854537491944939e+02 5.531884667968751046e+02 7.622799661276224015e+02
4.007314544677734602e+02 4.911858818392704507e+02 2.984901031494140966e+02 4.505046861668088809e+02 9.934638464355468841e+02 5.634444718508375445e+02 5.531884667968751046e+02 7.622727955638112007e+02
4.007053894042969091e+02 4.913306263998506438e+02 2.984825500488281591e+02 4.500587937286689453e+02 9.934638464355468841e+02 5.634080709870328292e+02 5.531841259765625409e+02 7.622799661276224015e+02
4.007212371826171875e+02 4.914600825911902575e+02 2.984901031494140966e+02 4.494852874026770451e+02 9.933441101074218977e+02 5.634064349931539937e+02 5.530976513671876091e+02 7.622841318837413382e+02
4.007212371826171875e+02 4.914600825911902575e+02 2.985182830810546761e+02 4.494536932727175440e+02 9.932471105957031341e+02 5.631240215498147563e+02 5.530976513671876091e+02 7.624302065122378735e+02
4.007212371826171875e+02 4.914823552154436470e+02 2.985730224609375227e+02 4.494409621307060547e+02 9.931838891601563546e+02 5.630643077732361235e+02 5.530976513671876091e+02 7.626113144667832557e+02
4.007212371826171875e+02 4.914600825911902575e+02 2.986218566894531250e+02 4.490720889771757811e+02 9.931134704589844659e+02 5.630643077732361235e+02 5.531235253906251046e+02 7.627108828671329093e+02
4.007265930175781250e+02 4.914162522664249195e+02 2.989884155273437614e+02 4.485592686780076406e+02 9.928859387207031659e+02 5.630798906149323102e+02 5.531235253906251046e+02 7.627264532342658185e+02
4.007435394287109602e+02 4.912590240374360064e+02 2.989884155273437614e+02 4.485592686780076406e+02 9.928494616699218795e+02 5.631238579504267818e+02 5.531235253906251046e+02 7.627264532342658185e+02
4.007437866210937614e+02 4.911592096843003219e+02 2.990080810546875227e+02 4.485559690299701288e+02 9.924197521972656659e+02 5.631238579504267818e+02 5.529629150390625227e+02 7.627108828671329093e+02
4.007435394287109602e+02 4.909640904970136148e+02 2.990080810546875227e+02 4.485110113254585826e+02 9.917384655761719614e+02 5.634567418049290382e+02 5.529629150390625227e+02 7.627108828671329093e+02
4.007435394287109602e+02 4.907944335937500000e+02 2.990225830078125000e+02 4.481627059780290097e+02 9.914159790039062727e+02 5.635020179355267373e+02 5.528946240234375864e+02 7.627547257430070431e+02
4.007182708740234602e+02 4.907000086657423026e+02 2.990458190917968864e+02 4.481627059780290097e+02 9.898639050292969159e+02 5.635020179355267373e+02 5.528946240234375864e+02 7.627547257430070431e+02
4.006877563476562614e+02 4.905079691499573187e+02 2.992279724121094091e+02 4.481627059780290097e+02 9.898639050292969159e+02 5.635020179355267373e+02 5.528944531250000409e+02 7.627836811625874134e+02
4.006877563476562614e+02 4.905079691499573187e+02 2.992724945068359261e+02 4.482082686180140740e+02 9.898639050292969159e+02 5.634048398991220665e+02 5.528199755859375273e+02 7.627836811625874134e+02
4.006877563476562614e+02 4.905079691499573187e+02 2.992724945068359261e+02 4.486501189873080193e+02 9.900920092773437773e+02 5.633137150400692690e+02 5.527072851562500091e+02 7.627836811625874134e+02
4.007465606689453352e+02 4.905657129906143155e+02 2.992429687499999886e+02 4.491186965057060547e+02 9.900920092773437773e+02 5.632973960011274812e+02 5.527072167968750591e+02 7.620324109484266728e+02
4.007540863037109489e+02 4.906039889078498391e+02 2.992429687499999886e+02 4.491595571472375923e+02 9.900920092773437773e+02 5.632902385279074906e+02 5.525939453125000682e+02 7.620324109484266728e+02
4.007540863037109489e+02 4.906541985521544120e+02 2.992429687499999886e+02 4.491595571472375923e+02 9.897937316894532387e+02 5.632607497382409747e+02 5.523881835937500000e+02 7.620324109484266728e+02
4.007465606689453352e+02 4.906650873906783090e+02 2.992429687499999886e+02 4.491186965057060547e+02 9.897937316894532387e+02 5.630880705843266014e+02 5.523881835937500000e+02 7.620324109484266728e+02
4.007278289794921875e+02 4.906541985521544120e+02 2.993164947509765739e+02 4.489599284409662800e+02 9.897937316894532387e+02 5.630880705843266014e+02 5.523712646484375455e+02 7.620931900131118937e+02
4.006741607666015739e+02 4.906039889078498391e+02 2.993384399414062500e+02 4.489176104548848230e+02 9.901567846679688500e+02 5.630880705843266014e+02 5.523676074218750500e+02 7.620979020979021925e+02
4.006741607666015739e+02 4.906541985521544120e+02 2.993441253662109602e+02 4.486931518971309742e+02 9.902400439453125500e+02 5.630880705843266014e+02 5.523676074218750500e+02 7.620979020979021925e+02
4.006741607666015739e+02 4.906824655370093637e+02 2.995809631347656250e+02 4.480425162982614893e+02 9.904014099121094432e+02 5.630972321500482849e+02 5.523920800781251046e+02 7.619477300043706691e+02
4.007377441406250114e+02 4.910083607748506438e+02 2.996004364013671761e+02 4.480425162982614893e+02 9.904014099121094432e+02 5.631179274726159747e+02 5.523756396484375273e+02 7.618814193618882200e+02
4.007554870605468977e+02 4.910482315219709903e+02 2.996004364013671761e+02 4.479911517771437843e+02 9.904275000000000091e+02 5.631319561201272563e+02 5.523756396484375273e+02 7.618653709571678974e+02
4.007830078124999886e+02 4.911470559806953702e+02 2.996004364013671761e+02 4.478688173261518841e+02 9.904275000000000091e+02 5.631319561201272563e+02 5.523756396484375273e+02 7.618653709571678974e+02
4.007872100830078352e+02 4.911975955898037114e+02 2.996004364013671761e+02 4.478688173261518841e+02 9.904014099121094432e+02 5.631500338524887184e+02 5.522999316406250045e+02 7.618814193618882200e+02
4.007941314697265511e+02 4.911975955898037114e+02 2.996004364013671761e+02 4.477488201258532285e+02 9.904275000000000091e+02 5.632066801405444494e+02 5.522477392578125546e+02 7.620416302447553107e+02
4.007991027832031250e+02 4.911975955898037114e+02 2.996449584960937500e+02 4.477364189486454507e+02 9.903912683105469341e+02 5.633284389849790159e+02 5.522477392578125546e+02 7.621848366477273657e+02
4.008032501220703239e+02 4.911975955898037114e+02 2.996544067382812386e+02 4.477364189486454507e+02 9.903912683105469341e+02 5.633457396202480822e+02 5.522477392578125546e+02 7.624128605769230944e+02
4.008052825927734375e+02 4.913239171155076406e+02 2.996550659179687841e+02 4.477364189486454507e+02 9.903912683105469341e+02 5.634653307727930951e+02 5.525470507812500500e+02 7.624128605769230944e+02
4.008202514648437500e+02 4.913680774050768036e+02 2.996550659179687841e+02 4.477425782916488970e+02 9.903912683105469341e+02 5.637124067483488261e+02 5.526048144531250728e+02 7.621848366477273657e+02
4.008202514648437500e+02 4.913743467363481159e+02 2.996550659179687841e+02 4.477425782916488970e+02 9.903912683105469341e+02 5.637124067483488261e+02 5.526048144531250728e+02 7.613021743881118937e+02
4.008202514648437500e+02 4.913819909209684056e+02 2.996417724609374886e+02 4.477425782916488970e+02 9.905223730468750318e+02 5.637124067483488261e+02 5.526048144531250728e+02 7.613021743881118937e+02
4.008144287109375341e+02 4.913874353402303541e+02 2.995972229003906477e+02 4.475185046928327779e+02 9.906536413574219750e+02 5.635133471931378608e+02 5.524152197265625546e+02 7.613021743881118937e+02
4.008111877441406250e+02 4.913874353402303541e+02 2.995972229003906477e+02 4.475022264291808938e+02 9.906536413574219750e+02 5.635057807214481045e+02 5.524100927734375546e+02 7.617881337412587754e+02
4.008098419189453239e+02 4.913874353402303541e+02 2.995972229003906477e+02 4.474105512078711513e+02 9.906536413574219750e+02 5.634863532941365065e+02 5.519750878906251046e+02 7.618556736232518460e+02
4.008079467773437727e+02 4.913845206511305150e+02 2.996217224121093636e+02 4.473674358068472543e+02 9.905649841308594432e+02 5.634396456688949684e+02 5.519712939453125955e+02 7.618856534090909918e+02
4.008055847167968864e+02 4.913845206511305150e+02 2.996838500976562614e+02 4.473057323885452092e+02 9.905140307617188000e+02 5.634153511597937722e+02 5.519544433593750909e+02 7.618856534090909918e+02
4.008017395019531364e+02 4.911290179047568358e+02 2.997152435302734261e+02 4.473674358068472543e+02 9.905140307617188000e+02 5.633699932295022563e+02 5.519712939453125955e+02 7.618556736232518460e+02
4.008017395019531364e+02 4.910975612601322382e+02 2.997835510253906364e+02 4.472986381452644764e+02 9.903062915039063228e+02 5.633574778763288577e+02 5.519750878906251046e+02 7.618556736232518460e+02
4.008017395019531364e+02 4.910975612601322382e+02 2.999334869384765625e+02 4.472986381452644764e+02 9.901491784667969114e+02 5.632005042636517373e+02 5.530877734375000045e+02 7.616492296765734409e+02
4.009673309326171875e+02 4.910975612601322382e+02 3.008467254638671875e+02 4.473984250013331803e+02 9.899072521972657341e+02 5.627575998207956900e+02 5.531490917968750409e+02 7.615696705638112007e+02
4.009723022460937614e+02 4.910975612601322382e+02 3.010333282470703011e+02 4.476424614707764249e+02 9.896276220703125546e+02 5.625495013994039937e+02 5.531750341796876000e+02 7.615179742132867204e+02
4.009723022460937614e+02 4.910835377559726567e+02 3.012212219238281250e+02 4.481231102015784700e+02 9.895203173828125500e+02 5.624788673636838894e+02 5.531750341796876000e+02 7.615179742132867204e+02
4.009723022460937614e+02 4.910835377559726567e+02 3.013044433593750000e+02 4.482909522984214732e+02 9.878940625000000182e+02 5.619562491190802120e+02 5.531750341796876000e+02 7.616492296765734409e+02
4.009690887451171761e+02 4.910727589057166824e+02 3.013167480468750341e+02 4.482997238627879710e+02 9.878940625000000182e+02 5.619474556519812722e+02 5.527639892578125682e+02 7.626506501311189368e+02
4.009400573730468977e+02 4.910835377559726567e+02 3.013222686767578011e+02 4.483132249226749195e+02 9.877751440429688046e+02 5.618014022984455096e+02 5.527639892578125682e+02 7.627496722027972282e+02
4.009400573730468977e+02 4.910255739387798712e+02 3.013324035644531591e+02 4.483132249226749195e+02 9.877391577148438273e+02 5.617987847082392818e+02 5.527639892578125682e+02 7.628525868662587754e+02
4.009400573730468977e+02 4.910052811033489775e+02 3.013440490722656477e+02 4.483178994240614088e+02 9.878940625000000182e+02 5.617873327510873196e+02 5.527677148437500136e+02 7.628525868662587754e+02
4.010034484863281250e+02 4.909962070712456921e+02 3.013450653076171761e+02 4.483334352669048712e+02 9.879241601562500819e+02 5.617873327510873196e+02 5.527677148437500136e+02 7.628525868662587754e+02
4.010214660644531364e+02 4.909962070712456921e+02 3.013511352539062500e+02 4.483776505506079388e+02 9.877183837890626137e+02 5.617987847082392818e+02 5.527677148437500136e+02 7.628077196241259799e+02
4.010328369140625000e+02 4.909892778103669002e+02 3.013511352539062500e+02 4.483776505506079388e+02 9.877157666015625637e+02 5.618198481294297153e+02 5.527238964843750182e+02 7.628008905157342951e+02
4.010596160888671875e+02 4.909847132972482768e+02 3.013511352539062500e+02 4.483776505506079388e+02 9.875008300781250909e+02 5.618652878594152753e+02 5.524121777343750637e+02 7.627511063155594684e+02
4.010596160888671875e+02 4.909283993040742189e+02 3.012686279296875114e+02 4.479740211044154989e+02 9.867914904785156978e+02 5.618652878594152753e+02 5.523382128906250728e+02 7.627501502403846416e+02
4.010596160888671875e+02 4.897816616227602253e+02 3.012675292968750114e+02 4.478453348309513444e+02 9.864513378906250409e+02 5.618198481294297153e+02 5.513809423828125773e+02 7.625389942089161650e+02
4.007718566894531591e+02 4.887971016424914410e+02 3.012675292968750114e+02 4.464636072152303541e+02 9.851694067382812818e+02 5.599391504661323324e+02 5.498062158203125591e+02 7.622508058347902988e+02
4.007718566894531591e+02 4.886251899797354667e+02 3.012686279296875114e+02 4.461456036356121899e+02 9.835377539062500318e+02 5.566300256473501804e+02 5.498062158203125591e+02 7.614672339379370669e+02
4.007718566894531591e+02 4.886041822205631320e+02 3.017720764160156364e+02 4.459032994813886148e+02 9.823322937011719205e+02 5.564679395538015569e+02 5.498062158203125591e+02 7.611272809222028854e+02
4.015718261718749886e+02 4.875730972029650161e+02 3.049644836425781591e+02 4.438793228722269646e+02 9.778604199218750637e+02 5.501596698564352437e+02 5.503929785156250318e+02 7.609282124125874134e+02
4.041675109863281250e+02 4.857549911342790097e+02 3.123778656005859489e+02 4.428327020117853863e+02 9.750529138183594569e+02 5.407284514437016014e+02 5.522673583984375227e+02 7.566416493662587754e+02
4.101838165283203352e+02 4.847699362068045730e+02 3.223649597167968750e+02 4.331249450058660386e+02 9.722357568359375364e+02 5.271011541307586867e+02 5.551914648437500546e+02 7.564625901442308304e+02
4.140761077880859489e+02 4.840981828604948873e+02 3.337588806152343750e+02 4.286617310820179227e+02 9.635474304199219659e+02 5.077788394259422944e+02 5.572079296875000409e+02 7.564625901442308304e+02
4.199670593261718636e+02 4.837865860974829388e+02 3.452006469726562727e+02 4.286617310820179227e+02 9.619416223144531841e+02 4.916339111328124432e+02 5.632067724609376000e+02 7.566416493662587754e+02
4.268953399658203125e+02 4.824236114814419807e+02 3.593864959716797216e+02 4.286617310820179227e+02 9.607940673828126137e+02 4.690188315480025381e+02 5.661363134765625773e+02 7.573040045891608543e+02
4.324588165283203125e+02 4.818460630866040901e+02 3.719729553222656477e+02 4.289478655610068358e+02 9.607225036621094887e+02 4.484444089279961076e+02 5.695251269531250955e+02 7.583872377622378735e+02
4.391012329101562841e+02 4.804780840043728745e+02 3.833254577636718636e+02 4.292801676154543316e+02 9.596815173339844023e+02 4.279697819346004621e+02 5.705973095703125182e+02 7.592538516171329093e+02
4.435984313964843864e+02 4.799059250346629710e+02 3.958962890624999886e+02 4.308107918488694281e+02 9.590073461914063273e+02 4.076575273336823102e+02 5.717672460937500318e+02 7.618159282124125866e+02
4.500224121093750114e+02 4.799059250346629710e+02 4.061381286621094091e+02 4.316933927047781481e+02 9.530355786132813591e+02 3.874454364579977437e+02 5.717672460937500318e+02 7.623268821022727479e+02
4.551992248535156591e+02 4.801120980428754024e+02 4.169667755126953352e+02 4.318515283369773670e+02 9.519879675292969523e+02 3.684879483881684905e+02 5.717672460937500318e+02 7.635144640515734409e+02
4.581237304687500114e+02 4.801120980428754024e+02 4.294805053710937841e+02 4.326948358841723348e+02 9.491768627929687909e+02 3.541423679627093861e+02 5.704813378906250136e+02 7.652514477709790981e+02
4.622046569824219091e+02 4.811227252426407972e+02 4.369357177734374886e+02 4.326948358841723348e+02 9.488816931152343841e+02 3.374034716419337769e+02 5.659464453125000318e+02 7.653373579545454959e+02
4.622083374023437727e+02 4.812721992987414410e+02 4.438507324218750227e+02 4.326948358841723348e+02 9.467499121093750318e+02 3.313914804360301218e+02 5.602637304687500546e+02 7.667657342657342951e+02
4.625236999511718636e+02 4.812721992987414410e+02 4.459951538085937841e+02 4.326948358841723348e+02 9.444943054199219432e+02 3.180249196475313624e+02 5.568277148437500728e+02 7.683706430288461888e+02
4.629983093261718636e+02 4.811227252426407972e+02 4.519839935302734375e+02 4.322592548461497017e+02 9.424684387207031477e+02 3.108689188219836979e+02 5.568277148437500728e+02 7.691326349431818699e+02
4.670538024902343750e+02 4.798200241974189453e+02 4.592241760253906477e+02 4.305843809993600644e+02 9.422273303222656295e+02 3.009520556263087769e+02 5.568277148437500728e+02 7.691326349431818699e+02
4.709838867187500000e+02 4.784259778956911191e+02 4.655605957031249886e+02 4.300573997106974957e+02 9.404115747070312636e+02 2.944422519329896772e+02 5.645536914062500955e+02 7.691809167395105078e+02
4.753863830566406250e+02 4.768626046555033895e+02 4.717792419433594091e+02 4.297867735774850644e+02 9.383567553710937545e+02 2.902556413473541852e+02 5.718108593750000637e+02 7.691809167395105078e+02
4.799989929199218750e+02 4.762675681260665215e+02 4.754372497558593977e+02 4.297601564166488970e+02 9.377036035156251046e+02 2.848877613814835286e+02 5.807033203125000682e+02 7.691809167395105078e+02
4.867004333496093977e+02 4.762675681260665215e+02 4.826783386230468977e+02 4.297601564166488970e+02 9.375829675292969796e+02 2.796662619679244131e+02 5.909592773437500455e+02 7.691453370847902988e+02
4.909396179199218864e+02 4.761936560100255633e+02 4.884052368164062727e+02 4.297867735774850644e+02 9.374184936523438409e+02 2.796662619679244131e+02 6.030105566406250546e+02 7.691453370847902988e+02
4.960469421386719091e+02 4.761995953764931642e+02 4.899538146972656136e+02 4.307814249813353058e+02 9.374184936523438409e+02 2.796662619679244131e+02 6.116156347656250318e+02 7.673591154938811769e+02
4.998865539550781136e+02 4.762675681260665215e+02 4.913040893554687614e+02 4.313599632705844442e+02 9.375829675292969796e+02 2.800403933180975855e+02 6.237088183593750728e+02 7.669589297421329093e+02
5.046060607910156364e+02 4.765135568872653380e+02 4.913040893554687614e+02 4.316104065566339614e+02 9.375829675292969796e+02 2.833210927432344874e+02 6.293992578125000819e+02 7.667563783872378735e+02
5.062498901367187614e+02 4.765135568872653380e+02 4.913040893554687614e+02 4.316104065566339614e+02 9.375773242187500500e+02 2.879549840553519289e+02 6.365903906250000546e+02 7.657273000437063502e+02
5.076968994140625000e+02 4.765135568872653380e+02 4.909442321777343636e+02 4.316104065566339614e+02 9.375773242187500500e+02 2.905309995670908165e+02 6.418514648437500227e+02 7.647741613854896059e+02
5.076968994140625000e+02 4.766087517331484378e+02 4.904554504394531591e+02 4.309632905823378906e+02 9.370416186523438000e+02 2.922426172630073893e+02 6.418514648437500227e+02 7.638155594405594684e+02
5.076968994140625000e+02 4.765135568872653380e+02 4.902398986816406250e+02 4.302655525077324796e+02 9.367888146972657069e+02 2.942183661706668545e+02 6.418514648437500227e+02 7.630631965690560037e+02
5.076570739746093750e+02 4.759310040262371899e+02 4.893594543457031136e+02 4.301215228708937843e+02 9.367888146972657069e+02 2.950607189689714573e+02 6.413020605468750546e+02 7.620376010708042713e+02
5.052817199707031364e+02 4.758095769784555955e+02 4.889386779785156136e+02 4.296560250239974152e+02 9.367888146972657069e+02 2.954247276070191219e+02 6.367463183593750955e+02 7.620376010708042713e+02
5.037151245117187841e+02 4.757661316126279871e+02 4.880531799316406136e+02 4.288320479148890740e+02 9.369151757812500136e+02 2.955760774907377595e+02 6.317321582031250955e+02 7.626405430506993071e+02
5.025459045410156591e+02 4.757661316126279871e+02 4.866557189941406136e+02 4.288320479148890740e+02 9.372954040527343977e+02 2.955760774907377595e+02 6.267071289062500909e+02 7.626405430506993071e+02
4.986799804687499886e+02 4.757661316126279871e+02 4.849717895507812386e+02 4.288320479148890740e+02 9.374462194824219523e+02 2.955760774907377595e+02 6.198671582031250864e+02 7.635392537150349881e+02
4.958468261718750227e+02 4.759707647850895569e+02 4.827041015625000000e+02 4.303596199738694281e+02 9.381573583984375091e+02 2.948319456749355254e+02 6.108862402343750091e+02 7.658172394012237874e+02
4.921430603027343977e+02 4.766272847562926245e+02 4.801255554199219091e+02 4.305890005066125923e+02 9.395530554199219750e+02 2.936529666861307533e+02 6.025463964843750091e+02 7.680004370629370669e+02
4.872303039550781136e+02 4.772084627639718519e+02 4.761634460449218977e+02 4.308583342776770451e+02 9.401169775390625318e+02 2.924421062666116313e+02 5.902232519531251000e+02 7.693799852491259799e+02
4.834986328125000341e+02 4.774280543408702897e+02 4.741506958007812500e+02 4.309519067966083412e+02 9.406837622070313500e+02 2.916426983076272563e+02 5.794252734375000955e+02 7.723093312937063502e+02
4.788916259765625227e+02 4.787093076738481159e+02 4.723281738281249886e+02 4.318575776917128906e+02 9.411319555664063046e+02 2.914503258773960965e+02 5.687817529296875136e+02 7.724160702578672044e+02
4.726784729003906591e+02 4.793610981495306760e+02 4.684858703613281250e+02 4.333111276463843637e+02 9.415138195800782341e+02 2.914503258773960965e+02 5.574546044921875136e+02 7.761006473994756334e+02
4.676192687988281591e+02 4.807252826365187275e+02 4.641609924316406364e+02 4.342353865587670612e+02 9.419182568359375409e+02 2.916426983076272563e+02 5.446298046875000409e+02 7.797768247377622401e+02
4.591467224121093977e+02 4.830140834977602253e+02 4.584958374023437386e+02 4.356893214723762640e+02 9.475240270996093841e+02 2.922944782689674525e+02 5.334173974609375364e+02 7.798081020541958424e+02
4.541447845458984602e+02 4.834918175394624313e+02 4.469028442382812614e+02 4.398889210150916824e+02 9.517442419433593841e+02 2.945696958561533165e+02 5.192605810546875773e+02 7.829204682036713621e+02
4.468400024414062841e+02 4.838317362814632929e+02 4.445799499511718977e+02 4.421473376173208294e+02 9.535861694335937955e+02 2.965794938864166852e+02 5.069358642578125682e+02 7.858558238636363740e+02
4.359729583740234489e+02 4.838317362814632929e+02 4.366171142578124886e+02 4.457058705404756438e+02 9.590293469238281432e+02 2.993343644289626013e+02 4.967925976562500523e+02 7.879491504589161650e+02
4.319061492919922216e+02 4.876153326978455311e+02 4.305620544433593864e+02 4.463604107228562157e+02 9.630505737304688409e+02 3.008285789883013877e+02 4.845300537109375227e+02 7.930481042395105078e+02
4.286476318359374886e+02 4.880435720189846052e+02 4.229155975341797102e+02 4.500238449565379710e+02 9.651161889648437864e+02 3.045554752939755190e+02 4.750615283203125614e+02 7.957079736669580825e+02
4.199626373291015966e+02 4.906188373240187275e+02 4.183515747070312614e+02 4.543149547381612479e+02 9.746767749023438228e+02 3.100719853037411440e+02 4.668301025390625227e+02 7.982634260270979212e+02
4.151586730957031364e+02 4.918244187286689453e+02 4.103124114990234261e+02 4.570198687140038487e+02 9.781699841308594614e+02 3.140609269289626013e+02 4.619246679687500432e+02 8.009450803103147791e+02
4.114695465087890511e+02 4.954252146437713122e+02 4.070492797851562727e+02 4.610625699925341223e+02 9.809133691406250364e+02 3.199532451826272563e+02 4.574706103515625273e+02 8.047989510489511531e+02
4.089621093750000114e+02 4.989761858735068358e+02 4.037789794921874886e+02 4.664363767864761030e+02 9.868844824218750773e+02 3.259552772757933212e+02 4.574706103515625273e+02 8.096503496503496535e+02
4.089621093750000114e+02 5.003966843536689453e+02 4.010786499023437841e+02 4.673872803567619485e+02 9.929534948730469068e+02 3.318381681147309905e+02 4.574706103515625273e+02 8.100975879589161650e+02
4.089621093750000114e+02 5.007761988721202897e+02 4.005986572265625227e+02 4.681374553380972543e+02 9.932310803222657114e+02 3.320295589486348149e+02 4.575865820312500318e+02 8.105399776005244803e+02
4.099670562744140625e+02 5.008707337883959099e+02 4.005986572265625227e+02 4.687275423954778262e+02 9.932310803222657114e+02 3.321399476356112928e+02 4.594558349609375227e+02 8.105902398382867204e+02
4.102965637207031477e+02 5.008707337883959099e+02 4.010786499023437841e+02 4.689409196352389131e+02 9.932310803222657114e+02 3.327731590664263877e+02 4.638781054687500500e+02 8.105902398382867204e+02
4.141729797363281591e+02 5.010763568552687275e+02 4.040136749267578011e+02 4.689409196352389131e+02 9.923163732910156796e+02 3.329124434952883007e+02 4.700286035156250364e+02 8.105902398382867204e+02
4.167332336425781136e+02 5.013186610094923026e+02 4.068768493652343636e+02 4.689409196352389131e+02 9.922511071777344114e+02 3.335042642809680729e+02 4.765920605468750182e+02 8.098221017263986141e+02
4.181675811767578352e+02 5.010763568552687275e+02 4.085979675292969091e+02 4.687244077298421416e+02 9.920835253906250273e+02 3.336307470577278877e+02 4.847742333984375591e+02 8.091705364947553107e+02
4.242177520751953352e+02 5.008414769091296534e+02 4.118867797851562500e+02 4.682861044821885343e+02 9.888104870605469614e+02 3.366963746375644178e+02 4.969238818359375500e+02 8.073553594842658185e+02
4.310217224121093977e+02 5.008414769091296534e+02 4.142653198242187500e+02 4.680968696672354667e+02 9.888104870605469614e+02 3.366963746375644178e+02 5.113654150390625546e+02 8.062375710227273657e+02
4.361765899658203125e+02 5.000378476295861674e+02 4.189173706054687614e+02 4.670432370547141545e+02 9.886519836425782159e+02 3.366963746375644178e+02 5.263458935546875637e+02 8.054751010708042713e+02
4.454507537841797102e+02 4.999999016771544120e+02 4.251188232421874886e+02 4.654636955391424635e+02 9.882019909667969841e+02 3.351191333888731947e+02 5.463160253906251000e+02 8.046183211319930706e+02
4.560508850097656364e+02 4.996186823405503219e+02 4.342554931640625000e+02 4.652487234694965537e+02 9.882019909667969841e+02 3.330959611086501013e+02 5.675136523437500955e+02 8.017047503277972282e+02
4.672186523437500227e+02 4.977587807300554346e+02 4.441594482421875227e+02 4.584356926927794120e+02 9.758036376953125455e+02 3.294126231400007896e+02 5.849388671875000227e+02 7.920902534965035784e+02
4.772380737304687841e+02 4.906939593110068358e+02 4.548716674804687727e+02 4.495578246653690258e+02 9.631636853027343932e+02 3.212269891168652975e+02 6.016589550781250182e+02 7.835238882211539249e+02
4.875161682128906477e+02 4.853938996507039292e+02 4.670528686523437614e+02 4.437961167475469324e+02 9.561815197753907114e+02 3.144619703784431408e+02 6.158134472656250864e+02 7.779085855550699762e+02
4.959265869140625114e+02 4.820086257465870290e+02 4.743908020019531477e+02 4.372283048141531481e+02 9.513406225585938500e+02 3.130402098980146093e+02 6.294463574218750637e+02 7.665058866914336022e+02
5.011903564453124886e+02 4.777574142091510225e+02 4.816525451660156136e+02 4.309702748373506438e+02 9.403877746582031705e+02 3.083919422896866536e+02 6.410783203125000682e+02 7.591305862106644327e+02
5.065677795410156250e+02 4.741370953764931642e+02 4.842629516601562614e+02 4.240303175994560547e+02 9.326541491699218795e+02 3.083919422896866536e+02 6.464805566406250819e+02 7.489991258741259799e+02
5.065677795410156250e+02 4.697897540928967146e+02 4.842629516601562614e+02 4.167919346936326406e+02 9.231731420898438500e+02 3.083919422896866536e+02 6.464805566406250819e+02 7.422793515078672044e+02
5.065677795410156250e+02 4.645626166542235183e+02 4.842629516601562614e+02 4.113553795928434056e+02 9.185211730957031477e+02 3.108043993133859431e+02 6.464805566406250819e+02 7.345346645541958424e+02
5.036147094726562727e+02 4.612604388865187843e+02 4.739136657714843750e+02 4.086216761878732768e+02 9.144936486816407069e+02 3.236142313849065317e+02 6.433626855468750136e+02 7.264350688374125866e+02
4.974464904785156136e+02 4.575245223842790097e+02 4.588989257812500000e+02 4.033255211110814571e+02 9.089571520996094023e+02 3.403374630642920238e+02 6.333954101562500227e+02 7.178448699737763263e+02
4.850669860839843750e+02 4.544272252626386148e+02 4.437899230957031591e+02 3.951038155930033895e+02 9.041874914550782023e+02 3.657290492106958482e+02 6.215509863281250773e+02 7.099160019667832557e+02
4.716301025390625341e+02 4.491514180154116502e+02 4.142508728027343636e+02 3.897804659169688648e+02 8.992830456542969841e+02 3.921834792304284747e+02 6.050508105468750273e+02 7.048890269886363740e+02
4.542633270263672216e+02 4.464125176647823992e+02 3.920446746826171989e+02 3.845243190726322382e+02 8.950406665039063228e+02 4.259603315530363830e+02 5.849370214843750091e+02 6.938876748251748268e+02
4.329454010009765739e+02 4.403656651623826406e+02 3.603585113525390966e+02 3.745597669581911191e+02 8.814001306152343886e+02 4.740504125221488039e+02 5.607013671875000682e+02 6.801412259615385665e+02
4.116967712402343977e+02 4.307185666862201288e+02 3.269726257324218750e+02 3.643366324258745408e+02 8.769174609375000955e+02 5.158008127114206900e+02 5.381926416015625136e+02 6.690850360576923777e+02
3.903569000244140739e+02 4.248592166835537682e+02 2.932936248779296875e+02 3.536042247160302736e+02 8.673976049804688273e+02 5.631949418844635602e+02 5.093518212890625705e+02 6.557485385708042713e+02
3.720328582763672216e+02 4.139883612414675440e+02 2.657708404541015739e+02 3.383263318579351449e+02 8.472423168945313137e+02 6.098565138983972247e+02 4.870241113281250591e+02 6.368328644012237874e+02
3.498999114990234602e+02 3.993191984521650966e+02 2.360097839355468921e+02 3.183706929594176245e+02 8.281927087402344796e+02 6.511048275662451488e+02 4.597203173828125387e+02 6.185320831512237874e+02
3.306599670410156477e+02 3.892036324458724152e+02 2.063475906372070483e+02 2.982176526170541706e+02 8.051698828125000773e+02 6.880362850857763988e+02 4.343754296875000591e+02 6.050004097465035784e+02
3.138071319580078011e+02 3.783270301167875118e+02 1.846564453125000114e+02 2.698269309606974957e+02 7.823642016601562545e+02 7.347874277645779557e+02 4.111118798828125591e+02 5.973419061407342951e+02
2.978813507080078011e+02 3.696893764665102253e+02 1.503067153930664119e+02 2.553609714963737076e+02 7.620009289550781659e+02 7.619496705360019178e+02 3.895480175781250409e+02 5.840686461975525390e+02
2.828444458007812727e+02 3.597467120173848230e+02 1.308624526977539233e+02 2.417984556647290901e+02 7.453845690917969478e+02 7.851695770578285192e+02 3.723848242187500546e+02 5.750564767263986141e+02
2.724110870361328125e+02 3.536630684393664410e+02 1.110478477478027344e+02 2.417984556647290901e+02 7.250261218261719023e+02 8.226341640826352659e+02 3.591857910156250568e+02 5.653203534746503465e+02
2.604750457763672102e+02 3.456265006732614893e+02 9.867711181640625284e+01 2.340954548181527173e+02 7.121387634277343750e+02 8.473068331688949684e+02 3.591857910156250568e+02 5.586740944602273657e+02
2.604750457763672102e+02 3.450846434713630515e+02 9.004508514404297159e+01 2.297895653630279469e+02 7.043008593750000728e+02 8.722799525310083482e+02 3.591857910156250568e+02 5.552207509287587754e+02
2.604750457763672102e+02 3.437496883665742189e+02 9.004508514404297159e+01 2.286696373220189855e+02 7.031938708496094250e+02 8.723680508013852659e+02 3.621293115234375364e+02 5.545457960008741338e+02
2.625087799072265966e+02 3.431080443086070773e+02 9.004508514404297159e+01 2.282841834371000402e+02 6.987784301757812955e+02 8.723745947769007216e+02 3.695607617187500296e+02 5.527018342985139725e+02
2.706453918457031591e+02 3.417011018824658777e+02 9.674485015869140625e+01 2.235266271597696175e+02 6.961248474121093750e+02 8.723745947769007216e+02 3.778534033203125091e+02 5.470508153955420312e+02
2.753575927734374886e+02 3.342279490187713122e+02 1.026015243530273438e+02 2.112083811060153380e+02 6.813600659179687682e+02 8.723680508013852659e+02 3.881497949218750136e+02 5.372961511145105078e+02
2.804149841308594091e+02 3.264641246600362479e+02 1.113969589233398523e+02 1.987315044728562157e+02 6.693169958496093841e+02 8.683956940641107849e+02 3.991762646484375523e+02 5.227479307801573896e+02
2.891817169189453125e+02 3.245274237414675440e+02 1.164614364624023466e+02 1.926902888691872704e+02 6.520876824951171784e+02 8.617144586622099496e+02 4.052694775390625637e+02 5.182333779501748268e+02
2.930487121582031591e+02 3.213170036862734378e+02 1.231551177978515597e+02 1.807248301847802736e+02 6.408224896240234330e+02 8.502542397410599051e+02 4.075382568359375455e+02 5.154772180944056572e+02
2.977365783691406591e+02 3.188193900983894764e+02 1.293274429321289176e+02 1.799037540162382527e+02 6.334531030273437864e+02 8.466872004872743673e+02 4.144898242187500159e+02 5.121656809986887993e+02
2.977365783691406591e+02 3.178447015651663605e+02 1.329513931274414062e+02 1.790560744353935547e+02 6.295236413574218659e+02 8.424918577843104686e+02 4.151046826171875637e+02 5.090144230769230944e+02
2.988584197998047216e+02 3.174572403943579388e+02 1.355142150878906193e+02 1.759012946952325080e+02 6.251115539550781932e+02 8.418700165109535192e+02 4.152069824218750114e+02 5.056941447224650688e+02
2.991948486328125227e+02 3.157394436260132125e+02 1.355805999755859546e+02 1.753097915389025161e+02 6.234994073486328716e+02 8.418700165109535192e+02 4.155548291015625182e+02 5.043243621612762695e+02
2.997644348144531250e+02 3.157220104855481964e+02 1.357512863159179801e+02 1.751500473282849839e+02 6.173883563232421920e+02 8.418700165109535192e+02 4.155548291015625182e+02 5.031871107408217085e+02
2.997644348144531250e+02 3.152837897290955311e+02 1.355805999755859546e+02 1.750093173394837720e+02 6.157201446533204034e+02 8.422299351643040382e+02 4.155548291015625182e+02 5.023961634069056572e+02
3.000028656005859489e+02 3.144594001639824796e+02 1.355805999755859546e+02 1.744410354562180032e+02 6.135500463867188046e+02 8.422299351643040382e+02 4.157999316406250614e+02 5.012211128715035215e+02
3.000202789306640625e+02 3.140338280583404185e+02 1.347791473388672046e+02 1.647687634152356964e+02 6.132830523681641353e+02 8.435878918834567912e+02 4.162822753906250455e+02 5.005104758522727479e+02
3.002788696289062500e+02 3.137180242440805955e+02 1.344570007324218750e+02 1.643227609888278664e+02 6.122450512695312455e+02 8.446707562318781584e+02 4.165655566406250614e+02 4.997463327687937635e+02
3.007844879150390511e+02 3.128252494733894764e+02 1.332969131469726562e+02 1.633736034822952092e+02 6.112367797851562727e+02 8.473143587407377026e+02 4.166768457031250250e+02 4.996232039444930706e+02
3.010128662109374886e+02 3.127245002199765054e+02 1.329343917846679801e+02 1.633736034822952092e+02 6.101621789550781614e+02 8.495914986207312722e+02 4.168950146484375523e+02 4.994743635270979212e+02
3.012203979492187500e+02 3.126060978495627296e+02 1.329162506103515682e+02 1.633736034822952092e+02 6.098016204833984375e+02 8.496724803177351077e+02 4.178357421875000455e+02 4.993972287478147223e+02
3.015185943603515852e+02 3.124683925381292511e+02 1.329114303588867188e+02 1.634567821099082607e+02 6.090386694335937818e+02 8.499192699943620255e+02 4.186102539062500227e+02 4.993021675590035215e+02
3.015185943603515852e+02 3.086686553434300322e+02 1.329162506103515682e+02 1.637390807480535386e+02 6.082194897460938137e+02 8.499192699943620255e+02 4.186102539062500227e+02 4.992434030812937635e+02
3.015185943603515852e+02 3.085495930434087200e+02 1.329343917846679801e+02 1.639099612707977656e+02 6.082194897460938137e+02 8.506135857965527975e+02 4.189036865234375568e+02 4.989523123361014427e+02
3.015127441406249886e+02 3.085276778810260225e+02 1.332159988403320483e+02 1.639099612707977656e+02 6.090386694335937818e+02 8.520170231455379053e+02 4.191280761718750227e+02 4.987643069820804840e+02
3.015185943603515852e+02 3.077789052501066180e+02 1.335646224975585881e+02 1.638137077878359662e+02 6.105671478271484602e+02 8.520363278733085508e+02 4.193404003906250637e+02 4.982605578015734409e+02
3.015826446533203011e+02 3.072266541568899356e+02 1.337285110473632983e+02 1.638137077878359662e+02 6.105671478271484602e+02 8.520363278733085508e+02 4.208796484375000659e+02 4.959433047421329093e+02
3.016560607910156477e+02 3.072266541568899356e+02 1.337285110473632983e+02 1.634461682420541706e+02 6.105765942382812455e+02 8.530306849528833482e+02 4.209229882812500136e+02 4.958483801354895490e+02
3.016560607910156477e+02 3.072266541568899356e+02 1.337554000854492244e+02 1.634461682420541706e+02 6.105765942382812455e+02 8.530306849528833482e+02 4.209229882812500136e+02 4.957999276114510963e+02
3.040756622314453352e+02 3.086631559300341223e+02 1.337554000854492244e+02 1.632337259025703986e+02 6.103731896972656159e+02 8.522625858267557533e+02 4.208796484375000659e+02 4.955851180069930706e+02
3.043089843750000227e+02 3.086631559300341223e+02 1.341142547607421989e+02 1.630803335144251207e+02 6.095278790283203989e+02 8.521056122140785192e+02 4.208796484375000659e+02 4.954234730113636829e+02
3.043091766357421761e+02 3.086631559300341223e+02 1.342223327636718864e+02 1.629327842530130113e+02 6.095137298583985057e+02 8.521056122140785192e+02 4.208781103515625546e+02 4.951352163461538680e+02
3.043089843750000227e+02 3.085394191286262640e+02 1.344209793090820426e+02 1.629219504086230756e+02 6.094631854248046920e+02 8.513825847193137406e+02 4.207725976562500136e+02 4.950330870301573896e+02
3.043089843750000227e+02 3.084310806847269646e+02 1.344263900756835994e+02 1.628602882359215016e+02 6.094275262451171784e+02 8.513744047499194494e+02 4.206430224609375159e+02 4.950072388548951494e+02
3.041518249511718750e+02 3.081064503119667393e+02 1.344874877929687500e+02 1.624620069692566062e+02 6.079468115234375318e+02 8.478645434822003608e+02 4.206430224609375159e+02 4.949748688811189368e+02
3.041518249511718750e+02 3.079178479295541706e+02 1.344624526977539176e+02 1.624620069692566062e+02 6.071371600341797148e+02 8.477565678861951710e+02 4.204678515625000159e+02 4.949170946241259230e+02
3.041518249511718750e+02 3.076595129852815376e+02 1.345683059692382812e+02 1.624620069692566062e+02 6.067870703125000773e+02 8.474575900048324684e+02 4.204678515625000159e+02 4.948092971481643758e+02
3.044140136718750114e+02 3.076067186166808938e+02 1.345683059692382812e+02 1.625869123960110869e+02 6.064871978759765625e+02 8.472618433372260824e+02 4.204678515625000159e+02 4.947637469951923208e+02
3.044140136718750114e+02 3.075523294181953702e+02 1.373618957519531421e+02 1.653428471796341626e+02 6.050524884033203534e+02 8.469501047036081900e+02 4.204767382812500500e+02 4.946995533763112007e+02
3.044140136718750114e+02 3.073346076418515054e+02 1.373618957519531421e+02 1.653428471796341626e+02 6.048906726074219478e+02 8.469501047036081900e+02 4.204767382812500500e+02 4.946867146525349881e+02
3.006269989013671875e+02 3.021339498786795730e+02 1.373618957519531421e+02 1.653428471796341626e+02 6.048872784423828080e+02 8.469501047036081900e+02 4.204767382812500500e+02 4.940905676354895490e+02
3.003936492919921761e+02 3.010486131479308938e+02 1.370845321655273494e+02 1.627663307580524759e+02 6.028539282226562364e+02 8.469501047036081900e+02 4.188656787109375159e+02 4.937694971044580825e+02
3.003880187988281136e+02 3.010029955138118680e+02 1.368016891479492188e+02 1.625012590323698873e+02 6.024225830078125909e+02 8.472121909230024812e+02 4.187132714843750136e+02 4.935898915537587754e+02
3.003880187988281136e+02 3.006593371707018036e+02 1.344598571777343921e+02 1.624567412809300322e+02 6.023491790771485057e+02 8.472135815177995255e+02 4.185164990234375182e+02 4.924788297639860275e+02
3.003936492919921761e+02 3.006593371707018036e+02 1.344598571777343921e+02 1.624567412809300322e+02 6.023491790771485057e+02 8.475105962065076710e+02 4.181529638671875659e+02 4.923284527972028286e+02
3.006520477294922102e+02 3.006593371707018036e+02 1.344598571777343921e+02 1.624446975655930032e+02 6.023491790771485057e+02 8.474624161867750445e+02 4.181474609375000568e+02 4.921960363854895490e+02
3.007236785888671875e+02 3.007791968856654989e+02 1.345287963867187671e+02 1.622269757892491384e+02 6.029101977539062318e+02 8.474624161867750445e+02 4.180895947265625523e+02 4.921541739510489606e+02
3.007236785888671875e+02 3.007791968856654989e+02 1.345287963867187671e+02 1.621856202005119485e+02 6.031071411132812727e+02 8.474624161867750445e+02 4.180141943359375318e+02 4.920763562609266160e+02
3.007446624755859261e+02 3.007791968856654989e+02 1.345501785278320312e+02 1.618147672581591223e+02 6.034821350097656705e+02 8.472521909733408165e+02 4.179208496093750114e+02 4.920763562609266160e+02
3.007236785888671875e+02 3.002676414515784700e+02 1.345501785278320312e+02 1.616849673534822784e+02 6.035144000244140443e+02 8.467260553418974496e+02 4.177747656250000432e+02 4.920535811844405885e+02
3.007098632812500227e+02 3.000801939459790901e+02 1.347705642700195483e+02 1.608592991747546819e+02 6.036226043701171875e+02 8.467260553418974496e+02 4.169981005859375500e+02 4.919933484484266160e+02
3.007098632812500227e+02 2.999017929754159582e+02 1.347718139648437443e+02 1.607297054980801931e+02 6.036369580078124955e+02 8.467260553418974496e+02 4.169071142578125659e+02 4.918382935423951494e+02
3.007446624755859261e+02 2.999017929754159582e+02 1.348163909912109375e+02 1.606389239314472945e+02 6.036369580078124955e+02 8.471748902625644178e+02 4.167686181640625591e+02 4.918382935423951494e+02
3.007710021972656591e+02 2.998564503119667393e+02 1.348194671630859318e+02 1.606389239314472945e+02 6.042201000976563137e+02 8.472957084105186141e+02 4.165352050781250455e+02 4.918382935423951494e+02
3.007710021972656591e+02 2.998564503119667393e+02 1.371366760253906421e+02 1.606348406170008616e+02 6.042201000976563137e+02 8.473775899041559114e+02 4.165072802734375159e+02 4.920315914554196297e+02
3.007761657714843864e+02 2.998564503119667393e+02 1.371894653320312614e+02 1.606348406170008616e+02 6.042201000976563137e+02 8.474943180674129053e+02 4.163641357421875568e+02 4.921117310423951494e+02
3.007710021972656591e+02 2.998218864987734378e+02 1.372261322021484489e+02 1.606844453258319163e+02 6.040964788818359921e+02 8.477621302653833482e+02 4.163641357421875568e+02 4.921355646306818699e+02
3.007284851074218750e+02 2.994546356721949678e+02 1.376739349365234375e+02 1.609646266898197382e+02 6.036175744628906159e+02 8.477621302653833482e+02 4.164474658203125159e+02 4.922161139641608543e+02
3.000493927001953125e+02 2.953057957151237360e+02 1.377826446533203182e+02 1.610974787689312961e+02 6.027357867431641125e+02 8.479299014376609875e+02 4.163254443359375614e+02 4.923693250109266160e+02
3.000493927001953125e+02 2.953057957151237360e+02 1.380745513916015739e+02 1.610974787689312961e+02 6.027357867431641125e+02 8.481155049432184114e+02 4.164474658203125159e+02 4.923693250109266160e+02
3.000493927001953125e+02 2.953057957151237360e+02 1.384386108398437614e+02 1.610974787689312961e+02 6.015530633544922239e+02 8.477621302653833482e+02 4.164474658203125159e+02 4.923693250109266160e+02
3.001239898681640739e+02 2.953106351989121094e+02 1.384386108398437614e+02 1.610085670028530274e+02 6.009693487548828443e+02 8.476261791740495255e+02 4.164474658203125159e+02 4.925282725087412814e+02
3.001523895263671875e+02 2.953106351989121094e+02 1.384386108398437614e+02 1.610085670028530274e+02 6.007151953124999864e+02 8.481155049432184114e+02 4.166076318359375250e+02 4.933508727600524821e+02
3.002838134765625000e+02 2.953106351989121094e+02 1.384386108398437614e+02 1.609349848516158090e+02 6.007151953124999864e+02 8.467648283968266014e+02 4.167229882812500250e+02 4.933508727600524821e+02
3.003531921386718864e+02 2.951819489254479549e+02 1.384386108398437614e+02 1.609263507725842430e+02 6.009693487548828443e+02 8.467509224488562722e+02 4.171019726562500409e+02 4.933508727600524821e+02
3.003531921386718864e+02 2.949810003599615698e+02 1.391202850341796875e+02 1.491910012931953986e+02 6.034839752197266307e+02 8.467648283968266014e+02 4.179026318359375409e+02 4.933012592875874702e+02
3.003959014892578239e+02 2.949810003599615698e+02 1.391202850341796875e+02 1.491910012931953986e+02 6.041235913085937455e+02 8.469784891974064749e+02 4.179551318359375500e+02 4.928073440231643758e+02
3.004964263916015739e+02 2.949810003599615698e+02 1.391202850341796875e+02 1.491910012931953986e+02 6.048618017578124864e+02 8.469784891974064749e+02 4.183369189453125614e+02 4.927216387128497104e+02
3.004964263916015739e+02 2.948993340710323992e+02 1.363112045288085881e+02 1.556731873600149356e+02 6.050115948486328534e+02 8.470709228515623863e+02 4.183972802734375591e+02 4.926990002185315234e+02
3.004964263916015739e+02 2.949137150370627296e+02 1.363112045288085881e+02 1.603159983768397865e+02 6.052549114990234784e+02 8.470709228515623863e+02 4.186353417968750250e+02 4.926454258631993639e+02
3.004634399414062500e+02 2.950358020144518036e+02 1.363112045288085881e+02 1.604646475209310950e+02 6.054825250244141444e+02 8.470709228515623863e+02 4.186353417968750250e+02 4.926345675808566966e+02
3.004634399414062500e+02 2.949137150370627296e+02 1.363112045288085881e+02 1.604691707884492189e+02 6.059294097900391307e+02 8.467838877255154557e+02 4.187168261718750273e+02 4.926345675808566966e+02
3.004634399414062500e+02 2.948631479308873509e+02 1.363112045288085881e+02 1.606424435560206803e+02 6.067166107177735057e+02 8.467838877255154557e+02 4.187168261718750273e+02 4.926990002185315234e+02
3.005226837158203352e+02 2.948631479308873509e+02 1.360085037231445426e+02 1.606424435560206803e+02 6.073456353759765989e+02 8.467838877255154557e+02 4.185494482421875659e+02 4.926345675808566966e+02
3.005626190185546989e+02 2.948410402890358455e+02 1.359639541625976733e+02 1.606424435560206803e+02 6.075130535888672512e+02 8.467958304808311141e+02 4.185047753906250136e+02 4.926345675808566966e+02
3.005653930664062727e+02 2.947759272344283090e+02 1.356693008422851676e+02 1.571800953731601851e+02 6.075235223388672239e+02 8.470108818762080318e+02 4.185494482421875659e+02 4.927808129370629899e+02
3.005944244384765511e+02 2.947424358068472543e+02 1.356089447021484489e+02 1.571341340257039292e+02 6.075788104248047148e+02 8.471794710454252026e+02 4.185494482421875659e+02 4.926442649147727479e+02
3.007002777099609716e+02 2.946514755092790097e+02 1.355696823120117358e+02 1.571341340257039292e+02 6.075846990966797421e+02 8.473788986992589116e+02 4.185047753906250136e+02 4.926442649147727479e+02
3.007108245849609602e+02 2.944827810033596052e+02 1.355696823120117358e+02 1.571341340257039292e+02 6.078492395019532069e+02 8.477136230468748863e+02 4.185047753906250136e+02 4.926642400568182438e+02
3.007132965087890852e+02 2.944773365840977135e+02 1.356089447021484489e+02 1.574268265551674517e+02 6.078492395019532069e+02 8.477136230468748863e+02 4.186064257812500387e+02 4.926928540209790413e+02
3.007108245849609602e+02 2.944450825245307328e+02 1.356313156127929744e+02 1.575007249226749195e+02 6.078492395019532069e+02 8.476000850716816331e+02 4.186064257812500387e+02 4.926928540209790413e+02
3.007108245849609602e+02 2.942960209244347425e+02 1.356313156127929744e+02 1.575088503059673712e+02 6.078492395019532069e+02 8.476000850716816331e+02 4.184752783203125546e+02 4.934090909090909349e+02
3.006686370849609489e+02 2.942406418315379710e+02 1.356313156127929744e+02 1.575088503059673712e+02 6.078492395019532069e+02 8.476000850716816331e+02 4.184752783203125546e+02 4.934552215362762695e+02
3.006686370849609489e+02 2.941782784836283895e+02 1.356313156127929744e+02 1.575491060120253906e+02 6.074587469482422648e+02 8.476000850716816331e+02 4.184752783203125546e+02 4.938797872049825628e+02
3.006686370849609489e+02 2.941782784836283895e+02 1.356313156127929744e+02 1.575491060120253906e+02 6.074262365722656796e+02 8.476362405364045571e+02 4.184752783203125546e+02 4.938797872049825628e+02
3.007166748046875000e+02 2.941782784836283895e+02 1.367195114135742244e+02 1.575491060120253906e+02 6.074262365722656796e+02 8.476362405364045571e+02 4.182994921875000500e+02 4.938797872049825628e+02
3.007166748046875000e+02 2.942237861294794925e+02 1.367195114135742244e+02 1.575397432607188648e+02 6.074791528320313319e+02 8.479195128765302343e+02 4.182994921875000500e+02 4.938840212521853346e+02
3.007578735351562500e+02 2.942237861294794925e+02 1.367778213500976676e+02 1.574737090543675322e+02 6.074791528320313319e+02 8.480440938104059114e+02 4.184109179687500273e+02 4.938898601398601613e+02
3.007586425781250341e+02 2.942237861294794925e+02 1.367195114135742244e+02 1.574737090543675322e+02 6.074791528320313319e+02 8.496601285639496837e+02 4.185129443359375614e+02 4.938898601398601613e+02
3.007639709472656477e+02 2.942158669741893959e+02 1.365151245117187671e+02 1.575397432607188648e+02 6.074791528320313319e+02 8.497345662854380635e+02 4.184109179687500273e+02 4.938898601398601613e+02
3.007639709472656477e+02 2.942127048114867875e+02 1.361812637329101676e+02 1.609033632245893841e+02 6.079244018554687727e+02 8.497379200728897786e+02 4.184109179687500273e+02 4.937887551901224015e+02
3.007639709472656477e+02 2.941978838923848230e+02 1.360362716674804631e+02 1.609298703971576288e+02 6.079244018554687727e+02 8.497379200728897786e+02 4.184109179687500273e+02 4.937887551901224015e+02
3.006734161376953125e+02 2.942127048114867875e+02 1.359044769287109489e+02 1.612826715150384018e+02 6.079244018554687727e+02 8.500002516913658610e+02 4.184049023437500523e+02 4.937887551901224015e+02
3.006382598876953125e+02 2.942127048114867875e+02 1.358573181152343921e+02 1.615151317192832607e+02 6.079984600830078989e+02 8.508269193983569494e+02 4.184049023437500523e+02 4.938832359047203227e+02
3.006196105957031364e+02 2.945149800687926245e+02 1.358335189819335938e+02 1.615151317192832607e+02 6.080009545898437864e+02 8.508269193983569494e+02 4.186051953125000296e+02 4.939500245847902420e+02
3.006196105957031364e+02 2.945149800687926245e+02 1.358573181152343921e+02 1.615151317192832607e+02 6.086590136718750728e+02 8.509330954010953292e+02 4.186910546875000136e+02 4.939699655812937635e+02
3.006196105957031364e+02 2.945149800687926245e+02 1.358335189819335938e+02 1.612773370840443761e+02 6.088707604980469341e+02 8.512076151739689749e+02 4.186051953125000296e+02 4.940317007211538680e+02
3.006780853271484375e+02 2.941176474509385343e+02 1.358038833618164176e+02 1.612588178094336513e+02 6.088902667236328625e+02 8.512076151739689749e+02 4.186097753906250318e+02 4.940317007211538680e+02
3.007232666015625000e+02 2.939922333284449678e+02 1.358335189819335938e+02 1.609887553660942672e+02 6.091724731445312955e+02 8.511325230549290382e+02 4.186097753906250318e+02 4.940680657233392026e+02
3.007784729003906250e+02 2.939311073485494603e+02 1.358038833618164176e+02 1.609887553660942672e+02 6.091738635253906295e+02 8.512112961601964116e+02 4.185106542968750318e+02 4.940680657233392026e+02
3.007594940185546761e+02 2.938658843056740579e+02 1.358038833618164176e+02 1.609822660582871094e+02 6.092680413818359284e+02 8.511325230549290382e+02 4.183846679687500227e+02 4.940680657233392026e+02
3.007232666015625000e+02 2.938658843056740579e+02 1.358997665405273381e+02 1.609796950825245290e+02 6.092906146240234193e+02 8.508148948433472469e+02 4.182576220703125500e+02 4.939303226070804840e+02
3.007232666015625000e+02 2.938997606921928423e+02 1.358997665405273381e+02 1.608440383025810547e+02 6.094543524169922648e+02 8.508148948433472469e+02 4.181104443359375296e+02 4.939303226070804840e+02
3.007594940185546761e+02 2.938559853615614088e+02 1.358997665405273381e+02 1.609796950825245290e+02 6.094839184570313364e+02 8.511580445594394178e+02 4.180240380859375477e+02 4.939067963286713621e+02
3.007594940185546761e+02 2.938559853615614088e+02 1.359172348022460994e+02 1.609796950825245290e+02 6.095765423583984557e+02 8.511580445594394178e+02 4.180240380859375477e+02 4.938714215472028286e+02
3.008245056152343864e+02 2.938693214390464732e+02 1.359172348022460994e+02 1.610609489154490177e+02 6.096227929687499909e+02 8.512524414062498863e+02 4.180240380859375477e+02 4.938710459462412814e+02
3.008335418701171875e+02 2.938971759678967715e+02 1.360288696289062500e+02 1.612191807873826690e+02 6.100073968505860194e+02 8.515263885812660192e+02 4.182587158203125455e+02 4.936643971263112007e+02
3.008335418701171875e+02 2.938693214390464732e+02 1.361311386108398551e+02 1.612191807873826690e+02 6.101189544677735057e+02 8.515263885812660192e+02 4.186221826171875477e+02 4.936643971263112007e+02
3.008335418701171875e+02 2.938693214390464732e+02 1.361630401611328125e+02 1.612191807873826690e+02 6.103518432617188409e+02 8.515263885812660192e+02 4.188350537109375296e+02 4.936643971263112007e+02
2.998422729492187386e+02 2.936275122320285504e+02 1.362792755126953068e+02 1.606648536656090016e+02 6.104571032714843568e+02 8.510229932647389433e+02 4.192301708984375637e+02 4.937553608500874702e+02
2.998345825195312386e+02 2.936272372613588004e+02 1.384793975830078239e+02 1.510308712903956803e+02 6.105142724609374909e+02 8.506373077077963671e+02 4.192320849609375273e+02 4.940399980878497104e+02
2.998345825195312386e+02 2.936272372613588004e+02 1.388043182373046989e+02 1.508635791348922623e+02 6.106162609863281432e+02 8.506373077077963671e+02 4.192397412109375523e+02 4.940399980878497104e+02
2.998422729492187386e+02 2.936275122320285504e+02 1.390137176513671875e+02 1.504879966970189855e+02 6.105142724609374909e+02 8.505384936775128608e+02 4.192320849609375273e+02 4.940399980878497104e+02
2.999345855712890625e+02 2.937740166048954507e+02 1.390137176513671875e+02 1.504879966970189855e+02 6.105142724609374909e+02 8.505384936775128608e+02 4.192320849609375273e+02 4.936278955419580825e+02
3.000368957519531250e+02 2.938257110908169807e+02 1.390137176513671875e+02 1.504879966970189855e+02 6.102692382812500682e+02 8.505028290109535192e+02 4.190835742187500159e+02 4.936185738090035215e+02
3.000368957519531250e+02 2.938257110908169807e+02 1.390137176513671875e+02 1.506045292668781883e+02 6.100750756835938091e+02 8.508450789304123418e+02 4.188584667968750637e+02 4.936185738090035215e+02
2.999345855712890625e+02 2.939237656316659582e+02 1.390137176513671875e+02 1.510424063099935950e+02 6.098143792724609966e+02 8.508450789304123418e+02 4.184805761718750432e+02 4.936278955419580825e+02
2.996619598388671761e+02 2.939023729135558938e+02 1.367440521240234546e+02 1.577728633945712318e+02 6.097965087890625000e+02 8.513872473018684559e+02 4.178789111328125614e+02 4.941029624672203227e+02
2.996619598388671761e+02 2.939237656316659582e+02 1.367203491210937614e+02 1.578220693959310950e+02 6.097965087890625000e+02 8.516755912230186141e+02 4.178789111328125614e+02 4.941895214160839487e+02
2.996387512207031136e+02 2.939406763278583412e+02 1.367000381469726733e+02 1.580559319505919404e+02 6.097965087890625000e+02 8.516755912230186141e+02 4.177837890625000341e+02 4.941895214160839487e+02
2.996304840087890966e+02 2.939422986548101449e+02 1.362280654907226562e+02 1.616543768664675724e+02 6.097655114746094114e+02 8.516755912230186141e+02 4.177377148437500409e+02 4.942515980113636829e+02
2.996387512207031136e+02 2.940196754012904989e+02 1.361181335449218750e+02 1.617803684273677334e+02 6.097655114746094114e+02 8.514325643323130635e+02 4.174120849609375341e+02 4.942886459243881632e+02
2.996634429931640966e+02 2.940748620147184056e+02 1.360504302978515625e+02 1.617803684273677334e+02 6.098510607910156978e+02 8.514286379470038355e+02 4.173242089843750477e+02 4.942886459243881632e+02
2.997200500488281136e+02 2.940748620147184056e+02 1.360180892944335938e+02 1.617803684273677334e+02 6.098510607910156978e+02 8.514286379470038355e+02 4.173242089843750477e+02 4.942357203343531751e+02
2.997285644531249886e+02 2.940748620147184056e+02 1.359642425537109318e+02 1.616321454878146255e+02 6.098510607910156978e+02 8.514135868033182533e+02 4.172709912109375523e+02 4.942357203343531751e+02
2.997285644531249886e+02 2.939061950058660386e+02 1.359633499145507756e+02 1.616100928400970531e+02 6.101454534912110148e+02 8.513962452682022786e+02 4.173242089843750477e+02 4.941986382757867773e+02
2.997200500488281136e+02 2.938015686660089614e+02 1.359633499145507756e+02 1.616100928400970531e+02 6.101756329345703307e+02 8.514135868033182533e+02 4.173242089843750477e+02 4.941715608610140293e+02
2.997124145507812614e+02 2.938015686660089614e+02 1.359633499145507756e+02 1.615962205698058938e+02 6.103913464355468932e+02 8.514849161364368229e+02 4.172709912109375523e+02 4.941130354020979212e+02
2.997124145507812614e+02 2.938015686660089614e+02 1.359540939331054688e+02 1.615888238587884018e+02 6.108492315673828443e+02 8.517359593971488039e+02 4.171484570312500182e+02 4.941130354020979212e+02
2.997124145507812614e+02 2.939205209777623509e+02 1.358605865478515682e+02 1.615888238587884018e+02 6.109509747314453989e+02 8.521457758638047153e+02 4.171470214843750455e+02 4.941715608610140293e+02
2.998092041015625000e+02 2.939768349709364088e+02 1.358521682739257983e+02 1.614941239601109260e+02 6.109509747314453989e+02 8.521818495288337090e+02 4.170665966796875637e+02 4.942151988636363740e+02
2.998993194580078239e+02 2.941345581471309742e+02 1.358499435424804744e+02 1.614941239601109260e+02 6.109509747314453989e+02 8.521818495288337090e+02 4.170199072265625659e+02 4.942151988636363740e+02
3.000219268798828125e+02 2.943820867440805955e+02 1.358020843505859432e+02 1.615002145604468922e+02 6.109469262695313319e+02 8.521818495288337090e+02 4.170199072265625659e+02 4.942620465472028286e+02
3.001463195800781136e+02 2.946750679927474152e+02 1.357543212890625171e+02 1.615002145604468922e+02 6.109366619873047739e+02 8.520392726622905002e+02 4.170199072265625659e+02 4.942648806271853346e+02
3.001463195800781136e+02 2.947208506092683251e+02 1.357351089477539006e+02 1.615002145604468922e+02 6.109017388916015534e+02 8.520392726622905002e+02 4.172175000000000296e+02 4.942679537259615472e+02
3.001481323242187500e+02 2.947751573165529067e+02 1.357241500854492244e+02 1.615002145604468922e+02 6.109366619873047739e+02 8.520392726622905002e+02 4.172546533203125136e+02 4.942679537259615472e+02
3.001756530761718977e+02 2.948046616694219324e+02 1.355607009887695256e+02 1.614809803620946980e+02 6.109366619873047739e+02 8.521160007752093861e+02 4.172678466796875227e+02 4.942709585336538680e+02
3.003227325439453352e+02 2.952065038062606277e+02 1.355607009887695256e+02 1.614724562713310547e+02 6.111087011718750546e+02 8.525832406270134243e+02 4.172776904296875387e+02 4.942679537259615472e+02
3.004259490966796875e+02 2.952537712643984378e+02 1.355607009887695256e+02 1.614690191379586111e+02 6.111539703369140852e+02 8.526162877033665382e+02 4.173592431640625477e+02 4.942709585336538680e+02
3.004670654296875227e+02 2.952814333137798712e+02 1.355674713134765739e+02 1.614028062006719324e+02 6.111845996093750273e+02 8.526373920244038800e+02 4.174757617187500500e+02 4.942709585336538680e+02
3.008097290039062841e+02 2.954439684766958294e+02 1.359972015380859318e+02 1.613892638951845129e+02 6.111845996093750273e+02 8.529528934439432533e+02 4.174799316406250114e+02 4.942789827360140293e+02
3.008832275390624886e+02 2.954553247653583412e+02 1.362789184570312671e+02 1.610659946272397463e+02 6.115107257080078398e+02 8.556550645336661773e+02 4.175450439453125568e+02 4.942916507320804840e+02
3.008832275390624886e+02 2.954972027983681642e+02 1.362949447631835938e+02 1.609876417348816062e+02 6.115422955322266034e+02 8.556550645336661773e+02 4.175450439453125568e+02 4.942916507320804840e+02
3.008832275390624886e+02 2.955487872960217715e+02 1.363253356933593921e+02 1.609876417348816062e+02 6.115422955322266034e+02 8.559358010832795571e+02 4.174799316406250114e+02 4.942789827360140293e+02
3.008151947021484602e+02 2.956506914262478745e+02 1.365053329467773438e+02 1.609876417348816062e+02 6.115107257080078398e+02 8.559358010832795571e+02 4.175450439453125568e+02 4.942311789772727479e+02
3.008151947021484602e+02 2.957950235308233573e+02 1.365203842163085994e+02 1.611481421148410789e+02 6.113113287353515943e+02 8.558147375362434559e+02 4.175450439453125568e+02 4.941974773273601613e+02
3.008151947021484602e+02 2.957950235308233573e+02 1.365203842163085994e+02 1.611481421148410789e+02 6.113113287353515943e+02 8.549788264638368673e+02 4.175510937500000637e+02 4.941027575939685903e+02
3.008151947021484602e+02 2.956506914262478745e+02 1.365203842163085994e+02 1.611487745473816062e+02 6.113113287353515943e+02 8.549788264638368673e+02 4.175510937500000637e+02 4.939874822443182438e+02
3.008151947021484602e+02 2.956790409023037682e+02 1.364566635131835994e+02 1.611584122693579388e+02 6.113251916503907069e+02 8.518567775451030002e+02 4.176188037109375273e+02 4.939864237325174940e+02
3.008274169921875227e+02 2.956790409023037682e+02 1.363412658691406421e+02 1.614592714277143841e+02 6.114440692138672375e+02 8.518014809519974051e+02 4.183428320312500546e+02 4.939644340034965353e+02
3.008274169921875227e+02 2.956790409023037682e+02 1.363404556274414006e+02 1.614592714277143841e+02 6.115847839355469659e+02 8.517940371798484875e+02 4.183428320312500546e+02 4.939348981097028286e+02
3.008492797851562841e+02 2.956954841483574796e+02 1.363404556274414006e+02 1.614592714277143841e+02 6.115847839355469659e+02 8.517537917304283610e+02 4.183772167968750182e+02 4.939227764423077360e+02
3.008988830566406136e+02 2.956978763931847425e+02 1.363412658691406421e+02 1.614336166642224839e+02 6.115847839355469659e+02 8.507941177210856267e+02 4.183772167968750182e+02 4.939348981097028286e+02
3.009781494140625000e+02 2.958719053300981159e+02 1.363561248779296875e+02 1.614336166642224839e+02 6.111158166503906841e+02 8.506400888973904557e+02 4.183588623046875341e+02 4.939348981097028286e+02
3.055470611572265511e+02 3.083896151077218519e+02 1.363671798706054688e+02 1.614336166642224839e+02 6.109539190673827989e+02 8.506360807123871837e+02 4.182381738281250136e+02 4.939699655812937635e+02
3.056080902099609489e+02 3.084293483695072382e+02 1.363719726562499943e+02 1.614336166642224839e+02 6.109539190673827989e+02 8.506400888973904557e+02 4.183588623046875341e+02 4.939699655812937635e+02
3.056388519287109489e+02 3.084293483695072382e+02 1.363719726562499943e+02 1.614336166642224839e+02 6.109539190673827989e+02 8.506400888973904557e+02 4.183588623046875341e+02 4.939699655812937635e+02
3.056516235351562614e+02 3.084293483695072382e+02 1.363719726562499943e+02 1.613719819885878906e+02 6.110143188476563409e+02 8.507705594092299179e+02 4.182381738281250136e+02 4.939274543815560037e+02
3.056573089599609716e+02 3.084898694139291706e+02 1.363839752197265796e+02 1.613719819885878906e+02 6.110143188476563409e+02 8.507705594092299179e+02 4.182381738281250136e+02 4.939274543815560037e+02
3.056516235351562614e+02 3.083824383732401770e+02 1.363839752197265796e+02 1.613719819885878906e+02 6.111208874511719387e+02 8.507705594092299179e+02 4.182575537109375432e+02 4.939051573426573896e+02
3.056516235351562614e+02 3.083673149864014249e+02 1.364215621948242188e+02 1.614272648417502012e+02 6.111424792480469250e+02 8.504438514316203737e+02 4.182289111328125273e+02 4.939051573426573896e+02
3.055845520019531136e+02 3.083680574072099034e+02 1.364315322875976619e+02 1.616211879066232768e+02 6.111208874511719387e+02 8.502421333863562722e+02 4.181716601562500273e+02 4.939274543815560037e+02
3.055289611816406250e+02 3.083673149864014249e+02 1.364572677612304688e+02 1.616653756932593922e+02 6.109694586181641398e+02 8.500102312540269622e+02 4.180768798828125341e+02 4.939557951813811769e+02
3.055215454101562500e+02 3.083605232108574796e+02 1.364985488891601619e+02 1.617301175374626609e+02 6.104979150390624909e+02 8.499482270860179369e+02 4.179426904296875591e+02 4.941610781796329093e+02
3.055289611816406250e+02 3.083605232108574796e+02 1.365737777709960881e+02 1.619431235668195370e+02 6.099845782470703170e+02 8.496984108207151394e+02 4.178752880859375409e+02 4.941610781796329093e+02
3.055215454101562500e+02 3.083492219163289292e+02 1.365951599121093807e+02 1.619788972509599034e+02 6.096298675537109375e+02 8.494616007067493229e+02 4.177689892578125637e+02 4.941610781796329093e+02
3.054933380126953466e+02 3.083492219163289292e+02 1.366029876708984432e+02 1.619821831504639533e+02 6.094136224365234966e+02 8.480027849649644622e+02 4.176016113281250455e+02 4.937023669689685903e+02
3.054927886962890966e+02 3.084384498986774474e+02 1.366029876708984432e+02 1.619897585924167913e+02 6.094136224365234966e+02 8.480027849649644622e+02 4.176016113281250455e+02 4.937023669689685903e+02
3.054927886962890966e+02 3.085482731841937039e+02 1.366029876708984432e+02 1.621116668388705193e+02 6.096298675537109375e+02 8.494616007067493229e+02 4.176016113281250455e+02 4.937023669689685903e+02
3.054923492431640852e+02 3.085493455698058938e+02 1.365440185546875114e+02 1.623534210517544807e+02 6.104164141845703853e+02 8.498243823493878608e+02 4.176393798828125341e+02 4.937575803103147223e+02
3.054923492431640852e+02 3.085493455698058938e+02 1.365440185546875114e+02 1.624017059013705193e+02 6.105637945556641171e+02 8.498610286122743673e+02 4.176393798828125341e+02 4.937832919034091219e+02
3.054915802001953011e+02 3.085493455698058938e+02 1.365440185546875114e+02 1.624092126006559340e+02 6.105733227539062682e+02 8.500548120872260824e+02 4.176775244140625318e+02 4.937832919034091219e+02
3.012865356445312841e+02 3.026549643038075601e+02 1.365507339477539119e+02 1.626747517764771658e+02 6.111582232666015670e+02 8.503231150833601077e+02 4.176393798828125341e+02 4.937832919034091219e+02
3.012844207763671989e+02 3.026530120120520451e+02 1.365675292968749943e+02 1.626747517764771658e+02 6.111582232666015670e+02 8.503231150833601077e+02 4.174427099609375205e+02 4.936918842875874702e+02
3.012843109130859602e+02 3.026526545501812961e+02 1.365818801879882756e+02 1.626804161722749598e+02 6.112270062255860239e+02 8.503231150833601077e+02 4.174427099609375205e+02 4.936604020979021357e+02
3.012824707031250000e+02 3.026526545501812961e+02 1.365818801879882756e+02 1.626932023084204388e+02 6.112452038574218705e+02 8.503231150833601077e+02 4.174427099609375205e+02 4.936037887893356810e+02
3.007339233398437841e+02 2.953642269824551931e+02 1.366504348754882869e+02 1.627705928034342833e+02 6.116505407714844296e+02 8.504481050157054369e+02 4.173318310546875409e+02 4.935793747268356810e+02
3.007309020996094091e+02 2.953412394344603058e+02 1.366853576660156193e+02 1.627862936286796014e+02 6.118714477539062955e+02 8.502210290653189304e+02 4.173239355468750205e+02 4.935793747268356810e+02
3.007290344238281250e+02 2.953412394344603058e+02 1.367125076293945369e+02 1.628154817652783777e+02 6.120114672851563000e+02 8.504481050157054369e+02 4.173054101562500477e+02 4.935793747268356810e+02
3.007290344238281250e+02 2.953412394344603058e+02 1.367125076293945369e+02 1.628575935233575080e+02 6.121094482421875682e+02 8.507474918955379053e+02 4.172329833984375114e+02 4.935793747268356810e+02
3.007176361083984375e+02 2.953840523677474152e+02 1.367125076293945369e+02 1.628736793075405274e+02 6.121193444824218659e+02 8.504481050157054369e+02 4.171304785156250432e+02 4.935835063374126435e+02
3.007176361083984375e+02 2.955216476909129710e+02 1.366631790161132756e+02 1.629404421861667913e+02 6.122625946044922784e+02 8.503056099488562722e+02 4.171235058593750296e+02 4.935997254698426673e+02
3.007176361083984375e+02 2.955438378239654185e+02 1.366138504028320426e+02 1.629898819125959903e+02 6.122625946044922784e+02 8.503056099488562722e+02 4.170883691406250477e+02 4.936356465799825628e+02
3.007136810302734489e+02 2.955628657943152575e+02 1.366138504028320426e+02 1.630004682833830998e+02 6.122625946044922784e+02 8.499471636899967280e+02 4.168188964843750455e+02 4.940757143247378167e+02
3.008227752685547216e+02 2.955652305420754828e+02 1.366631790161132756e+02 1.630071913162595933e+02 6.118198809814452943e+02 8.499471636899967280e+02 4.168188964843750455e+02 4.940757143247378167e+02
3.008324707031250114e+02 2.956567132839163605e+02 1.367743743896484432e+02 1.630609068366040901e+02 6.118198809814452943e+02 8.500376341514979686e+02 4.168188964843750455e+02 4.940757143247378167e+02
3.012640960693359489e+02 3.017493758999040097e+02 1.367743743896484432e+02 1.630609068366040901e+02 6.118198809814452943e+02 8.500376341514979686e+02 4.167647900390625182e+02 4.938664362980769624e+02
3.012640960693359489e+02 3.017493758999040097e+02 1.367743743896484432e+02 1.630609068366040901e+02 6.118842474365234239e+02 8.500376341514979686e+02 4.168237841796875500e+02 4.938664362980769624e+02
3.012640960693359489e+02 3.017493758999040097e+02 1.363030059814453239e+02 1.625434670301834501e+02 6.120302374267578216e+02 8.500376341514979686e+02 4.168237841796875500e+02 4.938664362980769624e+02
3.002563751220703239e+02 2.954135842176834217e+02 1.361997482299804858e+02 1.624351698318845933e+02 6.121601971435546830e+02 8.468885913337628608e+02 4.168237841796875500e+02 4.940285593312937635e+02
3.002186645507812841e+02 2.953981308660409582e+02 1.360735565185546818e+02 1.624335337563992994e+02 6.126540686035156114e+02 8.464143985079734875e+02 4.168237841796875500e+02 4.943443714488636829e+02
3.001440948486328466e+02 2.953478387305353863e+02 1.360431381225585881e+02 1.624335337563992994e+02 6.128362902832031978e+02 8.464143985079734875e+02 4.168523242187500273e+02 4.944518274694056572e+02
3.001440673828125227e+02 2.953145672794901770e+02 1.360431381225585881e+02 1.624117285822845531e+02 6.139548107910156887e+02 8.465389794418491647e+02 4.168537939453125318e+02 4.944570517373252301e+02
3.000825439453125227e+02 2.952507190899637521e+02 1.360431381225585881e+02 1.624072190632999195e+02 6.139804919433594250e+02 8.465389794418491647e+02 4.168537939453125318e+02 4.944570517373252301e+02
3.000295898437499886e+02 2.951544518584684056e+02 1.360830047607421989e+02 1.623935117754106159e+02 6.140295233154297421e+02 8.465389794418491647e+02 4.168537939453125318e+02 4.944518274694056572e+02
3.000295898437499886e+02 2.951544518584684056e+02 1.360891571044921875e+02 1.623935117754106159e+02 6.139804919433594250e+02 8.467489592562016014e+02 4.170476269531250182e+02 4.943353228802448029e+02
3.000295898437499886e+02 2.951535719523250805e+02 1.360891571044921875e+02 1.621742776603828986e+02 6.139804919433594250e+02 8.468773847756925761e+02 4.172288476562500250e+02 4.942814412150349881e+02
3.000281616210937727e+02 2.951544518584684056e+02 1.360876190185547046e+02 1.621595392324818761e+02 6.137406103515625091e+02 8.472465467944587090e+02 4.172288476562500250e+02 4.942804509943182438e+02
3.000311828613281477e+02 2.951544518584684056e+02 1.360852569580078182e+02 1.621505476915795612e+02 6.137151336669921875e+02 8.479498605629831900e+02 4.172288476562500250e+02 4.942804509943182438e+02
3.000323364257812386e+02 2.951555792382145569e+02 1.360876190185547046e+02 1.621444708397770853e+02 6.133358459472656250e+02 8.521636899967783165e+02 4.171243945312500614e+02 4.942594856315560037e+02
3.000327758789062500e+02 2.951555792382145569e+02 1.360852569580078182e+02 1.621039676601162398e+02 6.133358459472656250e+02 8.521636899967783165e+02 4.171211132812500182e+02 4.940879384287587754e+02
3.000618347167969091e+02 2.954841966856868680e+02 1.360852157592773608e+02 1.621027440406356561e+02 6.133358459472656250e+02 8.521636899967783165e+02 4.169200683593750227e+02 4.940186229785839487e+02
3.000898773193359261e+02 2.954841966856868680e+02 1.360852157592773608e+02 1.621027440406356561e+02 6.135301721191406159e+02 8.478531733247422153e+02 4.169200683593750227e+02 4.940186229785839487e+02
3.002079528808594091e+02 2.954841966856868680e+02 1.360931533813476619e+02 1.621039676601162398e+02 6.135301721191406159e+02 8.475011892417041963e+02 4.168857177734375341e+02 4.940186229785839487e+02
3.002079528808594091e+02 2.954067099509385343e+02 1.361080261230468693e+02 1.621719816552900966e+02 6.136653253173828944e+02 8.474474468427833926e+02 4.168857177734375341e+02 4.939084353146853346e+02
3.002265197753906136e+02 2.954067099509385343e+02 1.361554046630859318e+02 1.621728615614334501e+02 6.136865490722656205e+02 8.474474468427833926e+02 4.168857177734375341e+02 4.938581047858392026e+02
3.002265197753906136e+02 2.953908991374253219e+02 1.361554046630859318e+02 1.621728615614334501e+02 6.137155426025391307e+02 8.474474468427833926e+02 4.169475146484375614e+02 4.938358760380245371e+02
3.002265197753906136e+02 2.953908991374253219e+02 1.361555007934570369e+02 1.621728615614334501e+02 6.137155426025391307e+02 8.474474468427833926e+02 4.169475146484375614e+02 4.937681312827797342e+02
3.001479125976562727e+02 2.951620135518878101e+02 1.361554046630859318e+02 1.621815231375319968e+02 6.137155426025391307e+02 8.474490828366623418e+02 4.169770800781250273e+02 4.936936940013112007e+02
3.001337127685546875e+02 2.951234626639824796e+02 1.361249862670898381e+02 1.622275119820552334e+02 6.136276214599610057e+02 8.474490828366623418e+02 4.170308447265625205e+02 4.936936940013112007e+02
3.001337127685546875e+02 2.951234626639824796e+02 1.361080398559570312e+02 1.622275119820552334e+02 6.136219372558593932e+02 8.474490828366623418e+02 4.170308447265625205e+02 4.936936940013112007e+02
3.001404418945312500e+02 2.951620135518878101e+02 1.361019149780273381e+02 1.622275119820552334e+02 6.135382281494140670e+02 8.475382445030604686e+02 4.170308447265625205e+02 4.936899721372378167e+02
3.001404418945312500e+02 2.952435973496160386e+02 1.360600158691406421e+02 1.622073428834257527e+02 6.133939556884765807e+02 8.475312097293814304e+02 4.169085498046875387e+02 4.936648410183566966e+02
3.001392883300781591e+02 2.952435973496160386e+02 1.360526550292968864e+02 1.622040982295221738e+02 6.133359277343749909e+02 8.474445020538014433e+02 4.169067724609375318e+02 4.935885940231643758e+02
3.001404418945312500e+02 2.952554760825511835e+02 1.360526550292968864e+02 1.622040982295221738e+02 6.133359277343749909e+02 8.474445020538014433e+02 4.168750537109375500e+02 4.935885940231643758e+02
3.001392883300781591e+02 2.952435973496160386e+02 1.360526550292968864e+02 1.622040982295221738e+02 6.132591705322265625e+02 8.474445020538014433e+02 4.168750537109375500e+02 4.935841892482517892e+02
3.001294006347656591e+02 2.952347982881825601e+02 1.360497024536132926e+02 1.621968115067726046e+02 6.132591705322265625e+02 8.474332954957312722e+02 4.168194091796875114e+02 4.935841892482517892e+02
