0.1741 -0.0749 1.5941
0.2089 0.1542 1.6017
0.6547 -0.1690 1.5632
0.6580 -0.1702 1.5669
0.6843 -0.1883 1.5688
0.7080 -0.2040 1.5630
0.7241 -0.2061 1.5616
0.7395 -0.2121 1.5581
0.7580 -0.2206 1.5585
0.7672 -0.2193 1.5623
0.7766 -0.2119 1.5740
0.7736 -0.1978 1.5846
-0.2661 0.4330 1.6512
0.7537 -0.1722 1.5940
0.7847 -0.1901 1.5907
0.7226 -0.1642 1.6180
0.6617 -0.1491 1.6401
0.6185 -0.1414 1.6531
0.5990 -0.1407 1.6629
0.5959 -0.1537 1.6660
0.6503 -0.2152 1.6584
0.1912 -0.0221 1.6744
0.1903 -0.0109 1.6638
-0.2039 0.4355 1.6601
0.1947 0.0025 1.6527
0.1992 0.0253 1.6483
0.1774 0.0614 1.6509
0.1867 0.1301 1.6591
0.1952 0.1057 1.6739
0.1994 0.0783 1.6771
0.2064 0.0989 1.6835
0.3266 0.2583 1.7493
0.4721 0.3922 1.8005
0.5559 0.4719 1.8128
-0.2391 0.3747 1.6582
0.6412 0.5264 1.8385
0.6951 0.5488 1.8514
0.7529 0.5747 1.8519
0.7447 0.5529 1.8507
0.6713 0.4794 1.8465
0.5901 0.4033 1.8333
0.5509 0.3713 1.8131
0.5314 0.3448 1.8058
0.5293 0.3146 1.8194
0.0587 0.2513 1.6879
0.5019 0.2632 1.8370
0.4908 0.2175 1.8586
0.5013 0.2025 1.8405
0.5033 0.1796 1.8227
0.5153 0.1383 1.8130
0.5314 0.1043 1.8156
0.5206 0.0697 1.8219
0.4409 0.0308 1.8225
0.4097 -0.0019 1.8299
0.1602 0.3644 1.7232
0.1561 0.5724 1.7581
0.6637 -0.1923 1.5536
0.6523 -0.1654 1.5559
