3.3176 -4.3834 27.8736
-1.3745 -6.8898 28.3871
-0.0782 -4.2432 20.6761
0.0409 -4.0361 20.6928
0.0527 -3.6419 20.5478
-0.0909 -3.2894 20.4597
-0.3201 -3.1609 20.4194
-0.5077 -3.0664 20.3684
-0.6599 -2.8863 20.3058
-0.8973 -2.7766 20.3131
-1.2016 -2.6813 20.2729
-1.5613 -2.8042 20.2559
0.1245 -4.8543 25.2054
-1.7533 -3.6607 20.1791
-1.4239 -1.3661 20.1509
-0.3147 -2.1032 20.1365
0.7967 -2.5384 20.1725
1.5818 -2.5298 20.3376
2.0211 -2.2311 20.4952
2.2935 -1.9145 20.4655
2.5116 -1.1718 20.0089
2.6695 -4.1250 23.8762
3.2934 -4.4032 25.9258
-0.4210 -2.9749 28.1483
3.8412 -4.7979 27.9609
4.2838 -5.2948 29.9166
4.7106 -6.0766 32.1743
4.9789 -6.4216 34.4496
5.3106 -6.0530 35.8998
5.7564 -5.6089 36.2551
5.7314 -5.7973 36.5879
4.7747 -6.2178 36.5068
3.4378 -6.5329 36.4156
2.4847 -6.7153 36.3009
2.4516 -2.4652 28.5171
1.7608 -6.4348 35.7156
1.2572 -6.2963 35.1801
0.2238 -6.4492 33.7637
-0.1290 -6.3820 33.1727
0.0661 -6.4827 32.8347
0.4007 -6.7640 32.7120
0.5243 -6.9635 32.3388
0.6139 -6.9250 31.8263
0.7943 -6.6031 31.2102
-2.4781 -4.4196 25.6358
1.1598 -6.0747 30.4061
1.2744 -5.4006 29.7021
0.8663 -4.9887 29.5524
0.7599 -4.2488 29.4532
0.8161 -2.9147 29.5749
1.0233 -1.8034 29.9282
1.3999 -1.0136 30.2489
1.6811 -0.3982 31.0724
1.2104 0.7866 32.0404
1.4347 -4.8182 22.3292
3.7133 -4.0385 23.6097
-0.2009 -4.2603 20.4716
-0.3059 -4.4664 20.6700
