-7.0314 -5.7425 43.6233
-2.5693 -6.2817 37.8149
6.7136 -5.5898 26.3853
3.8040 -4.1031 21.9447
3.3686 -4.2338 22.8501
2.9722 -4.3434 23.3181
2.8420 -4.2369 23.2487
2.5751 -4.0821 23.6345
2.4252 -3.7751 23.6361
2.2654 -3.3940 23.4075
2.2388 -3.2148 23.1847
2.7482 -3.3560 23.1856
0.3877 -5.6117 33.2806
3.8254 -3.5012 23.4848
4.9521 -3.5661 23.7926
6.0326 -3.5257 24.1615
7.0644 -3.3342 24.6330
7.9159 -3.1298 25.1151
8.5008 -2.9272 25.4858
8.6872 -2.8612 25.6942
8.5694 -2.9621 25.6985
8.2446 -3.1148 25.6775
7.7771 -3.1977 25.7039
2.1638 -4.6220 30.0166
6.7943 -3.2148 25.7463
5.3358 -3.3046 25.3570
4.0172 -3.2769 24.6811
2.9804 -3.1718 23.8238
2.2332 -3.1403 22.9914
1.5723 -3.2877 22.4462
0.9681 -3.4157 22.1302
0.4031 -3.4081 21.8624
-0.0576 -3.3733 21.6462
4.8310 -3.6861 27.9666
4.1454 -4.1831 27.5754
3.8319 -4.7738 27.5440
3.2090 -5.4708 27.2882
0.3549 -4.5136 37.7573
0.3365 -5.1029 36.9539
0.2699 -5.2182 36.4197
1.2875 -5.2825 36.7737
3.2964 -5.0138 37.3768
5.4785 -4.6893 38.2509
7.0251 -4.1993 39.0314
7.8420 -3.6932 39.6013
5.8432 -4.0479 25.9524
8.5140 -3.0829 39.9605
9.2416 -2.5181 40.2417
10.2027 -2.0097 40.3941
11.8944 -1.5028 40.7728
13.4185 -1.3196 41.1649
14.7145 -1.3991 41.9777
15.8126 -1.4909 43.1661
16.2866 -1.9598 44.7835
15.9583 -3.4413 45.8947
6.2894 -3.9097 25.2786
6.7518 -3.7851 25.7944
7.3454 -4.1189 26.3007
7.0643 -4.9140 26.6629
