-0.3917 -0.2553 1.9054
-0.4045 -0.3235 1.8193
-0.3487 -0.4143 1.6323
-0.4835 0.1342 1.6754
-0.5856 0.1735 1.6366
-0.6395 0.2063 1.6063
-0.6468 0.2083 1.6114
-0.6938 0.2267 1.5960
-0.7104 0.2273 1.6084
-0.7162 0.2121 1.6275
-0.7250 0.2030 1.6406
-0.7419 0.1888 1.6325
-0.4241 -0.3528 1.7969
-0.7675 0.1660 1.6185
-0.7793 0.1371 1.5984
-0.7867 0.1075 1.5785
-0.7984 0.0821 1.5713
-0.8059 0.0624 1.5656
-0.8089 0.0441 1.5634
-0.8117 0.0363 1.5613
-0.8099 0.0351 1.5555
-0.8167 0.0437 1.5431
-0.8386 0.0516 1.5272
-0.4077 -0.3809 1.7329
-0.8810 0.0845 1.5014
-0.8959 0.1326 1.4740
-0.8932 0.1592 1.4738
-0.8793 0.1719 1.4907
-0.8652 0.1797 1.5126
-0.8563 0.1865 1.5253
-0.8467 0.1919 1.5382
-0.8317 0.1883 1.5466
-0.8221 0.1914 1.5502
-0.7292 -0.6137 1.5986
-0.3940 -0.3979 1.6847
-0.7070 -0.6056 1.5804
-0.6941 -0.5940 1.5734
-0.0592 0.1798 1.9589
-0.0110 0.2278 1.9609
0.0331 0.2490 1.9613
0.0087 0.2202 1.9444
-0.0298 0.1654 1.9408
-0.0833 0.0754 1.9182
-0.1215 0.0161 1.9155
-0.1401 -0.0289 1.9053
-0.3947 -0.4039 1.6862
-0.1630 -0.0598 1.9041
-0.1794 -0.0811 1.8978
-0.1910 -0.0778 1.8950
-0.2186 -0.0745 1.8983
-0.2387 -0.0927 1.8862
-0.3048 -0.1277 1.8755
-0.3877 -0.1666 1.8662
-0.4960 -0.1724 1.8467
-0.5792 -0.1417 1.7999
-0.3786 -0.4090 1.6732
-0.3925 -0.4289 1.7024
-0.3827 -0.4334 1.7355
-0.3881 -0.3893 1.6886
