-2.3792 -4.5659 15.6781
-1.1670 -4.6545 15.9238
5.2599 -3.6537 16.7186
5.8796 -3.6002 16.9412
6.2122 -3.3759 17.1284
6.5525 -3.1878 17.2958
7.1262 -3.0340 17.4542
7.5923 -2.8821 17.5753
7.8504 -2.7744 17.6437
7.8510 -2.7214 17.6414
7.4792 -2.7867 17.7840
6.8566 -3.2623 18.5793
-0.3442 -4.6178 16.0035
6.1185 -4.0354 19.7730
5.7421 -4.4369 20.5039
-1.4648 -1.4532 14.6355
-0.8861 -1.6932 14.6214
-0.7743 -1.6821 14.6820
-0.8302 -2.0363 14.8611
-1.1266 -2.6870 14.9291
-1.5722 -3.4727 14.9737
-2.1622 -4.1739 15.0511
-2.9744 -4.5261 15.1193
0.0109 -4.5189 15.9822
-3.7797 -4.7719 15.1737
2.3993 -4.1643 12.0831
2.1650 -4.3464 12.0124
4.4680 -3.3678 17.1107
0.8573 -3.5202 16.0070
0.3206 -4.5625 16.0613
1.7336 -3.5504 15.2189
1.3062 -3.5563 15.2154
0.7297 -3.6229 15.2545
0.5663 -3.7465 15.3306
1.0120 -3.8431 15.3624
1.4456 -3.8775 15.3065
2.2891 -4.0777 15.1225
3.3348 -4.2939 14.9501
9.2223 -4.1757 21.1471
0.5563 -4.6331 16.0473
9.2766 -4.4098 20.7110
9.3362 -4.4044 19.9897
9.1629 -4.5703 19.4760
8.8262 -4.8522 18.8257
8.5344 -5.2513 18.3689
8.2504 -5.3953 17.9187
8.2394 -5.2470 17.8231
8.3141 -4.9788 18.1516
8.4846 -4.7278 18.9763
0.9874 -4.3934 15.7687
0.9864 -3.7780 15.5529
0.6409 -3.5049 15.9718
4.1358 -3.5276 16.5689
