0.2016 0.3656 1.4309
0.1859 0.3371 1.4394
0.0561 0.2983 1.5576
0.0467 0.2872 1.5574
0.0417 0.2769 1.5607
0.0343 0.2653 1.5570
0.0205 0.2420 1.5587
0.0132 0.2303 1.5597
0.0123 0.2234 1.5587
0.0124 0.2228 1.5619
0.0064 0.2433 1.5599
-0.0770 0.3288 1.5505
0.1870 0.3201 1.4486
-0.2279 0.4462 1.4983
-0.3309 0.5072 1.4613
0.4871 -0.0634 1.4706
0.5137 -0.0944 1.4559
0.5492 -0.1082 1.4538
0.5617 -0.1098 1.4519
0.6005 -0.1221 1.4273
0.6391 -0.1276 1.4091
0.6410 -0.1114 1.4008
0.6443 -0.0886 1.3951
0.2244 0.3362 1.4764
0.6470 -0.0587 1.3992
0.8717 -0.4168 1.2924
0.8494 -0.4024 1.3000
0.3514 0.1596 1.5635
0.8586 0.6305 1.4911
0.2281 0.3382 1.4902
0.7681 0.6989 1.6296
0.6956 0.6221 1.6288
0.7023 0.6217 1.6215
0.6995 0.6130 1.6064
0.6503 0.5746 1.6213
0.6270 0.5447 1.6297
0.6049 0.5238 1.6356
0.5785 0.4989 1.6406
-0.4530 -0.5482 1.4846
0.2292 0.3402 1.4919
-0.3939 -0.4690 1.5272
-0.2990 -0.3980 1.5742
-0.2430 -0.2869 1.6017
-0.1650 -0.2189 1.6095
-0.1167 -0.1682 1.6180
-0.0782 -0.1382 1.6150
-0.0845 -0.1451 1.6205
-0.1413 -0.1924 1.6131
-0.2538 -0.2851 1.6023
0.2198 0.3178 1.5120
0.2074 0.2765 1.5579
0.1587 0.2189 1.5433
0.0801 0.3186 1.5535
